('svm', ('unigram',), (0.8505586592178771, 0.85142491279660881, array([[ 1171.,     7.,    68.],
       [    8.,    27.,    70.],
       [   86.,    82.,   629.]])))
('svm', ('bigram',), (0.82821229050279332, 0.82969857232299926, array([[ 1165.,    11.,    70.],
       [   10.,    20.,    75.],
       [  109.,    94.,   594.]])))
('svm', ('trigram',), (0.83612662942271876, 0.83591130350773202, array([[ 1175.,     8.,    63.],
       [    7.,    19.,    79.],
       [  108.,    87.,   602.]])))
('svm', ('interval',), (0.78398510242085662, 0.76893403529469484, array([[ 981.,    0.,  265.],
       [  10.,    0.,   95.],
       [  93.,    1.,  703.]])))
('svm', ('unigram', 'bigram'), (0.8542830540037244, 0.85972010528753584, array([[ 1170.,    11.,    65.],
       [    6.,    28.,    71.],
       [   57.,   103.,   637.]])))
('svm', ('unigram', 'trigram'), (0.86080074487895719, 0.86320628085039519, array([[ 1174.,     8.,    64.],
       [    7.,    25.,    73.],
       [   59.,    88.,   650.]])))
('svm', ('unigram', 'interval'), (0.86499068901303533, 0.86757340779539405, array([[ 1172.,    11.,    63.],
       [    5.,    21.,    79.],
       [   46.,    86.,   665.]])))
('svm', ('bigram', 'trigram'), (0.85521415270018619, 0.85552255566243451, array([[ 1178.,     7.,    61.],
       [    7.,    20.,    78.],
       [   75.,    83.,   639.]])))
('svm', ('bigram', 'interval'), (0.86452513966480449, 0.86668663777055333, array([[ 1169.,    12.,    65.],
       [    7.,    20.,    78.],
       [   46.,    83.,   668.]])))
('svm', ('trigram', 'interval'), (0.8570763500931099, 0.85808419397419056, array([[ 1158.,     6.,    82.],
       [    6.,    16.,    83.],
       [   47.,    83.,   667.]])))
('svm', ('unigram', 'bigram', 'trigram'), (0.86592178770949724, 0.86751433413289047, array([[ 1178.,     6.,    62.],
       [    5.,    25.,    75.],
       [   56.,    84.,   657.]])))
('svm', ('unigram', 'bigram', 'interval'), (0.87243947858473003, 0.87635614367071202, array([[ 1190.,     8.,    48.],
       [    6.,    23.,    76.],
       [   38.,    98.,   661.]])))
('svm', ('unigram', 'trigram', 'interval'), (0.87104283054003728, 0.87384920018258316, array([[ 1184.,    11.,    51.],
       [    3.,    20.,    82.],
       [   41.,    89.,   667.]])))
('svm', ('bigram', 'trigram', 'interval'), (0.87104283054003728, 0.87154296519242869, array([[ 1179.,     5.,    62.],
       [    4.,    20.,    81.],
       [   45.,    80.,   672.]])))
('svm', ('unigram', 'bigram', 'trigram', 'interval'), (0.87942271880819367, 0.88200450977045941, array([[ 1191.,     7.,    48.],
       [    4.,    25.,    76.],
       [   36.,    88.,   673.]])))
('logistic regression', ('unigram',), (0.8468342644320298, 0.84864735726515705, array([[ 1168.,     8.,    70.],
       [   10.,    29.,    66.],
       [   88.,    87.,   622.]])))
('logistic regression', ('bigram',), (0.83054003724394787, 0.83466382508888615, array([[ 1156.,    19.,    71.],
       [   10.,    21.,    74.],
       [   93.,    97.,   607.]])))
('logistic regression', ('trigram',), (0.83798882681564246, 0.84261302446647279, array([[ 1168.,    12.,    66.],
       [    5.,    21.,    79.],
       [   80.,   106.,   611.]])))
('logistic regression', ('interval',), (0.78957169459962762, 0.77402018002641604, array([[  1.00100000e+03,   0.00000000e+00,   2.45000000e+02],
       [  1.00000000e+01,   0.00000000e+00,   9.50000000e+01],
       [  1.01000000e+02,   1.00000000e+00,   6.95000000e+02]])))
('logistic regression', ('unigram', 'bigram'), (0.85009310986964615, 0.85640781193033844, array([[ 1174.,    12.,    60.],
       [    8.,    27.,    70.],
       [   61.,   111.,   625.]])))
('logistic regression', ('unigram', 'trigram'), (0.85661080074487894, 0.86042213159433767, array([[ 1181.,     8.,    57.],
       [    5.,    28.,    72.],
       [   67.,    99.,   631.]])))
('logistic regression', ('unigram', 'interval'), (0.86173184357541899, 0.8654429963149286, array([[ 1174.,    12.,    60.],
       [    6.,    24.,    75.],
       [   52.,    92.,   653.]])))
('logistic regression', ('bigram', 'trigram'), (0.85381750465549344, 0.85657050826684755, array([[ 1181.,     6.,    59.],
       [    5.,    22.,    78.],
       [   68.,    98.,   631.]])))
('logistic regression', ('bigram', 'interval'), (0.85940409683426444, 0.86199758895886847, array([[ 1172.,    11.,    63.],
       [    8.,    20.,    77.],
       [   54.,    89.,   654.]])))
('logistic regression', ('trigram', 'interval'), (0.86359404096834269, 0.86724249983763002, array([[ 1179.,     9.,    58.],
       [    4.,    21.,    80.],
       [   46.,    96.,   655.]])))
('logistic regression', ('unigram', 'bigram', 'trigram'), (0.86778398510242083, 0.87135604504997588, array([[ 1186.,     6.,    54.],
       [    4.,    31.,    70.],
       [   55.,    95.,   647.]])))
('logistic regression', ('unigram', 'bigram', 'interval'), (0.86359404096834269, 0.87031205572540826, array([[ 1189.,    10.,    47.],
       [    5.,    25.,    75.],
       [   42.,   114.,   641.]])))
('logistic regression', ('unigram', 'trigram', 'interval'), (0.87430167597765363, 0.8778792120931912, array([[ 1193.,     6.,    47.],
       [    3.,    27.,    75.],
       [   43.,    96.,   658.]])))
('logistic regression', ('bigram', 'trigram', 'interval'), (0.87057728119180633, 0.87245277421504985, array([[ 1189.,     5.,    52.],
       [    2.,    21.,    82.],
       [   47.,    90.,   660.]])))
('logistic regression', ('unigram', 'bigram', 'trigram', 'interval'), (0.87662942271880817, 0.87910877714289215, array([[ 1198.,     3.,    45.],
       [    3.,    27.,    75.],
       [   46.,    93.,   658.]])))
('bayes', ('unigram',), (0.68016759776536317, 0.71247706712617287, array([[ 1129.,    64.,    53.],
       [    8.,    72.,    25.],
       [   77.,   460.,   260.]])))
('bayes', ('bigram',), (0.73929236499068907, 0.76418757670337212, array([[ 1141.,    49.,    56.],
       [   12.,    47.,    46.],
       [  117.,   280.,   400.]])))
('bayes', ('trigram',), (0.75325884543761634, 0.78427081609744631, array([[ 1112.,    34.,   100.],
       [    4.,    50.,    51.],
       [   59.,   282.,   456.]])))
('bayes', ('interval',), (0.70949720670391059, 0.6957009702197916, array([[ 766.,    0.,  480.],
       [   5.,    0.,  100.],
       [  39.,    0.,  758.]])))
('bayes', ('unigram', 'bigram'), (0.70949720670391059, 0.74027513747247353, array([[ 1143.,    47.,    56.],
       [   10.,    62.,    33.],
       [   85.,   393.,   319.]])))
('bayes', ('unigram', 'trigram'), (0.7593109869646183, 0.79119229235243704, array([[ 1116.,    32.,    98.],
       [    5.,    52.,    48.],
       [   48.,   286.,   463.]])))
('bayes', ('unigram', 'interval'), (0.7565176908752328, 0.7567803306108134, array([[ 1203.,    12.,    31.],
       [   20.,    42.,    43.],
       [  215.,   202.,   380.]])))
('bayes', ('bigram', 'trigram'), (0.76070763500931093, 0.79063273627852493, array([[ 1115.,    33.,    98.],
       [    5.,    52.,    48.],
       [   57.,   273.,   467.]])))
('bayes', ('bigram', 'interval'), (0.72858472998137802, 0.71611013951993996, array([[ 1198.,    18.,    30.],
       [   27.,    41.,    37.],
       [  305.,   166.,   326.]])))
('bayes', ('trigram', 'interval'), (0.70577281191806329, 0.68038337357076151, array([[ 1198.,    18.,    30.],
       [   36.,    30.,    39.],
       [  389.,   120.,   288.]])))
('bayes', ('unigram', 'bigram', 'trigram'), (0.76163873370577284, 0.79337543811286659, array([[ 1115.,    34.,    97.],
       [    4.,    51.,    50.],
       [   48.,   279.,   470.]])))
('bayes', ('unigram', 'bigram', 'interval'), (0.72998137802607077, 0.72837142524390097, array([[ 1202.,    17.,    27.],
       [   20.,    45.,    40.],
       [  231.,   245.,   321.]])))
('bayes', ('unigram', 'trigram', 'interval'), (0.74674115456238366, 0.74505115410764255, array([[ 1198.,    18.,    30.],
       [   22.,    44.,    39.],
       [  235.,   200.,   362.]])))
('bayes', ('bigram', 'trigram', 'interval'), (0.70903165735567975, 0.68906905237636307, array([[ 1199.,    20.,    27.],
       [   34.,    40.,    31.],
       [  347.,   166.,   284.]])))
('bayes', ('unigram', 'bigram', 'trigram', 'interval'), (0.72718808193668527, 0.72215463629613297, array([[ 1196.,    21.,    29.],
       [   23.,    44.,    38.],
       [  258.,   217.,   322.]])))
('lda', ('unigram',), (0.83985102420856605, 0.83479626669429885, array([[  1.17400000e+03,   1.00000000e+00,   7.10000000e+01],
       [  1.00000000e+01,   1.50000000e+01,   8.00000000e+01],
       [  1.16000000e+02,   6.60000000e+01,   6.15000000e+02]])))
('lda', ('bigram',), (0.81098696461824948, 0.80238974983542588, array([[ 1175.,     5.,    66.],
       [   18.,    11.,    76.],
       [  180.,    61.,   556.]])))
('lda', ('trigram',), (0.84357541899441346, 0.84186544993974721, array([[  1.19300000e+03,   1.00000000e+00,   5.20000000e+01],
       [  8.00000000e+00,   2.50000000e+01,   7.20000000e+01],
       [  1.18000000e+02,   8.50000000e+01,   5.94000000e+02]])))
('lda', ('interval',), (0.7951582867783985, 0.77493230031177684, array([[ 1107.,     0.,   139.],
       [   18.,     0.,    87.],
       [  196.,     0.,   601.]])))
('lda', ('unigram', 'bigram'), (0.8561452513966481, 0.85394608249183446, array([[ 1173.,     3.,    70.],
       [    6.,    17.,    82.],
       [   76.,    72.,   649.]])))
('lda', ('unigram', 'trigram'), (0.86266294227188078, 0.86354363540510404, array([[  1.18800000e+03,   1.00000000e+00,   5.70000000e+01],
       [  3.00000000e+00,   2.60000000e+01,   7.60000000e+01],
       [  7.00000000e+01,   8.80000000e+01,   6.39000000e+02]])))
('lda', ('unigram', 'interval'), (0.8496275605214153, 0.8447815404950938, array([[  1.18100000e+03,   1.00000000e+00,   6.40000000e+01],
       [  1.00000000e+01,   1.40000000e+01,   8.10000000e+01],
       [  1.00000000e+02,   6.70000000e+01,   6.30000000e+02]])))
('lda', ('bigram', 'trigram'), (0.8505586592178771, 0.85090864443251724, array([[ 1193.,     2.,    51.],
       [    7.,    27.,    71.],
       [   98.,    92.,   607.]])))
('lda', ('bigram', 'interval'), (0.82495344506517687, 0.81751312528949538, array([[ 1177.,     5.,    64.],
       [   14.,    11.,    80.],
       [  152.,    61.,   584.]])))
('lda', ('trigram', 'interval'), (0.85009310986964615, 0.84895744395565964, array([[  1.19300000e+03,   1.00000000e+00,   5.20000000e+01],
       [  8.00000000e+00,   2.50000000e+01,   7.20000000e+01],
       [  1.04000000e+02,   8.50000000e+01,   6.08000000e+02]])))
('lda', ('unigram', 'bigram', 'trigram'), (0.86499068901303533, 0.86565793847764005, array([[  1.19000000e+03,   1.00000000e+00,   5.50000000e+01],
       [  3.00000000e+00,   2.50000000e+01,   7.70000000e+01],
       [  6.70000000e+01,   8.70000000e+01,   6.43000000e+02]])))
('lda', ('unigram', 'bigram', 'interval'), (0.86359404096834269, 0.86177435949763193, array([[ 1177.,     3.,    66.],
       [    6.,    17.,    82.],
       [   63.,    73.,   661.]])))
('lda', ('unigram', 'trigram', 'interval'), (0.86592178770949724, 0.86697470361893436, array([[  1.18900000e+03,   1.00000000e+00,   5.60000000e+01],
       [  3.00000000e+00,   2.60000000e+01,   7.60000000e+01],
       [  6.40000000e+01,   8.80000000e+01,   6.45000000e+02]])))
('lda', ('bigram', 'trigram', 'interval'), (0.85474860335195535, 0.85509065753659752, array([[ 1196.,     2.,    48.],
       [    7.,    27.,    71.],
       [   93.,    91.,   613.]])))
('lda', ('unigram', 'bigram', 'trigram', 'interval'), (0.86824953445065178, 0.86919253116749917, array([[  1.19200000e+03,   1.00000000e+00,   5.30000000e+01],
       [  3.00000000e+00,   2.50000000e+01,   7.70000000e+01],
       [  6.10000000e+01,   8.80000000e+01,   6.48000000e+02]])))
