('svm', ('unigram',), (0.66617719040626533, 0.66437506280078096, array([[   40.,    16.,    23.,    20.,    12.,    18.],
       [   13.,    11.,     9.,    12.,    20.,     9.],
       [   35.,    22.,    29.,    48.,    40.,    18.],
       [   23.,    36.,    40.,    52.,    44.,    25.],
       [   17.,    22.,    23.,    40.,    61.,    19.],
       [   23.,    10.,    11.,    18.,    16.,  1168.]])))
('svm', ('bigram',), (0.66715614292706804, 0.65734485536197185, array([[   38.,    10.,    18.,    19.,    16.,    28.],
       [   12.,    15.,     8.,    18.,    11.,    10.],
       [   32.,    21.,    25.,    40.,    40.,    34.],
       [   24.,    26.,    35.,    61.,    38.,    36.],
       [   20.,    18.,    20.,    41.,    57.,    26.],
       [   22.,    13.,    11.,    11.,    22.,  1167.]])))
('svm', ('trigram',), (0.67058247674987759, 0.66304684534347125, array([[   31.,    14.,    22.,    21.,    14.,    27.],
       [   12.,    15.,     8.,    10.,    18.,    11.],
       [   38.,    19.,    32.,    42.,    32.,    29.],
       [   31.,    21.,    39.,    63.,    39.,    27.],
       [   16.,    18.,    21.,    38.,    59.,    30.],
       [   20.,    10.,    16.,     9.,    21.,  1170.]])))
('svm', ('interval',), (0.61478218306412136, 0.58050019696522703, array([[  5.00000000e+00,   0.00000000e+00,   0.00000000e+00,
          8.60000000e+01,   1.40000000e+01,   2.40000000e+01],
       [  0.00000000e+00,   0.00000000e+00,   0.00000000e+00,
          5.50000000e+01,   2.00000000e+00,   1.70000000e+01],
       [  6.00000000e+00,   0.00000000e+00,   0.00000000e+00,
          1.19000000e+02,   1.50000000e+01,   5.20000000e+01],
       [  1.10000000e+01,   0.00000000e+00,   1.00000000e+00,
          1.61000000e+02,   1.90000000e+01,   2.80000000e+01],
       [  5.00000000e+00,   0.00000000e+00,   0.00000000e+00,
          1.41000000e+02,   9.00000000e+00,   2.70000000e+01],
       [  1.40000000e+01,   0.00000000e+00,   1.00000000e+00,
          1.38000000e+02,   1.20000000e+01,   1.08100000e+03]])))
('svm', ('unigram', 'bigram'), (0.66960352422907488, 0.67502695212471786, array([[   38.,    16.,    25.,    24.,    13.,    13.],
       [   14.,    12.,    14.,    15.,    13.,     6.],
       [   40.,    18.,    40.,    45.,    36.,    13.],
       [   24.,    31.,    47.,    61.,    43.,    14.],
       [   20.,    22.,    25.,    43.,    58.,    14.],
       [   22.,    10.,    18.,    14.,    23.,  1159.]])))
('svm', ('unigram', 'trigram'), (0.68281938325991187, 0.68780478994540384, array([[   41.,    20.,    29.,    18.,    11.,    10.],
       [   15.,    13.,    10.,    15.,    18.,     3.],
       [   38.,    18.,    47.,    41.,    34.,    14.],
       [   27.,    21.,    47.,    65.,    42.,    18.],
       [   17.,    26.,    25.,    41.,    62.,    11.],
       [   21.,    12.,    13.,    13.,    20.,  1167.]])))
('svm', ('unigram', 'interval'), (0.67743514439549679, 0.68006279724740781, array([[   44.,    13.,    22.,    24.,    16.,    10.],
       [   13.,    12.,    10.,    16.,    18.,     5.],
       [   29.,    22.,    31.,    55.,    36.,    19.],
       [   29.,    37.,    37.,    61.,    46.,    10.],
       [   21.,    23.,    23.,    47.,    59.,     9.],
       [   26.,     7.,    12.,    12.,    12.,  1177.]])))
('svm', ('bigram', 'trigram'), (0.67939304943710233, 0.67614439420013617, array([[   40.,    12.,    26.,    20.,    16.,    15.],
       [   15.,    13.,     9.,    14.,    19.,     4.],
       [   38.,    16.,    35.,    45.,    37.,    21.],
       [   26.,    25.,    42.,    58.,    43.,    26.],
       [   14.,    21.,    26.,    37.,    64.,    20.],
       [   18.,     7.,    13.,    11.,    19.,  1178.]])))
('svm', ('bigram', 'interval'), (0.67302985805188453, 0.67382094152740224, array([[   43.,    13.,    20.,    21.,    19.,    13.],
       [   15.,    13.,     9.,    19.,    14.,     4.],
       [   35.,    21.,    31.,    45.,    41.,    19.],
       [   33.,    25.,    43.,    58.,    45.,    16.],
       [   25.,    21.,    24.,    41.,    57.,    14.],
       [   23.,    10.,    13.,     9.,    18.,  1173.]])))
('svm', ('trigram', 'interval'), (0.66862457170827216, 0.67061284351145456, array([[   30.,    16.,    29.,    25.,    18.,    11.],
       [   12.,    16.,     9.,    11.,    21.,     5.],
       [   36.,    17.,    31.,    49.,    39.,    20.],
       [   34.,    24.,    42.,    56.,    46.,    18.],
       [   23.,    18.,    24.,    38.,    67.,    12.],
       [   24.,    12.,    14.,    11.,    19.,  1166.]])))
('svm', ('unigram', 'bigram', 'trigram'), (0.67939304943710233, 0.68526149776287315, array([[   37.,    18.,    31.,    21.,    12.,    10.],
       [   15.,    15.,    11.,    14.,    16.,     3.],
       [   36.,    15.,    47.,    48.,    35.,    11.],
       [   24.,    30.,    48.,    60.,    43.,    15.],
       [   19.,    23.,    26.,    40.,    63.,    11.],
       [   17.,    10.,    17.,    15.,    21.,  1166.]])))
('svm', ('unigram', 'bigram', 'interval'), (0.68184043073910916, 0.6876550298077394, array([[   39.,    17.,    26.,    24.,    15.,     8.],
       [   13.,    15.,    13.,    16.,    15.,     2.],
       [   34.,    20.,    41.,    47.,    39.,    11.],
       [   27.,    31.,    45.,    59.,    47.,    11.],
       [   22.,    23.,    33.,    38.,    60.,     6.],
       [   19.,    11.,    14.,     9.,    14.,  1179.]])))
('svm', ('unigram', 'trigram', 'interval'), (0.68526676456191871, 0.6903555792223921, array([[   43.,    17.,    30.,    21.,    11.,     7.],
       [   12.,    13.,    13.,    16.,    18.,     2.],
       [   32.,    19.,    41.,    55.,    33.,    12.],
       [   32.,    24.,    44.,    64.,    45.,    11.],
       [   19.,    24.,    29.,    44.,    59.,     7.],
       [   17.,     8.,    12.,    14.,    15.,  1180.]])))
('svm', ('bigram', 'trigram', 'interval'), (0.68281938325991187, 0.68447929661557971, array([[   43.,    16.,    22.,    21.,    16.,    11.],
       [   15.,    12.,     9.,    17.,    19.,     2.],
       [   38.,    16.,    35.,    51.,    38.,    14.],
       [   30.,    26.,    45.,    60.,    43.,    16.],
       [   16.,    25.,    29.,    34.,    65.,    13.],
       [   21.,     8.,    13.,     7.,    17.,  1180.]])))
('svm', ('unigram', 'bigram', 'trigram', 'interval'), (0.68722466960352424, 0.69226509781043555, array([[   45.,    15.,    27.,    22.,    13.,     7.],
       [   15.,    14.,    14.,    13.,    15.,     3.],
       [   35.,    18.,    43.,    51.,    34.,    11.],
       [   32.,    27.,    44.,    62.,    43.,    12.],
       [   19.,    25.,    33.,    40.,    59.,     6.],
       [   16.,     8.,    16.,    10.,    15.,  1181.]])))
('logistic regression', ('unigram',), (0.66862457170827216, 0.67053366820437788, array([[   40.,    18.,    25.,    18.,    12.,    16.],
       [   15.,    12.,    11.,    12.,    15.,     9.],
       [   34.,    25.,    34.,    44.,    37.,    18.],
       [   24.,    35.,    43.,    58.,    40.,    20.],
       [   16.,    21.,    27.,    46.,    58.,    14.],
       [   22.,    11.,    16.,    16.,    17.,  1164.]])))
('logistic regression', ('bigram',), (0.66079295154185025, 0.65799855355422376, array([[   39.,    11.,    22.,    19.,    13.,    25.],
       [   14.,    16.,    10.,    18.,     9.,     7.],
       [   33.,    23.,    32.,    42.,    34.,    28.],
       [   29.,    28.,    37.,    58.,    37.,    31.],
       [   20.,    18.,    30.,    44.,    51.,    19.],
       [   26.,    13.,    16.,    13.,    24.,  1154.]])))
('logistic regression', ('trigram',), (0.66226138032305437, 0.66341285864221655, array([[   32.,    16.,    26.,    20.,    17.,    18.],
       [   10.,    13.,    13.,    14.,    17.,     7.],
       [   31.,    16.,    41.,    47.,    36.,    21.],
       [   33.,    24.,    46.,    56.,    43.,    18.],
       [   19.,    14.,    28.,    40.,    57.,    24.],
       [   23.,    12.,    20.,    17.,    20.,  1154.]])))
('logistic regression', ('interval',), (0.61331375428291723, 0.58879997979197374, array([[  6.00000000e+00,   0.00000000e+00,   7.00000000e+00,
          8.80000000e+01,   6.00000000e+00,   2.20000000e+01],
       [  1.00000000e+00,   0.00000000e+00,   8.00000000e+00,
          4.90000000e+01,   1.00000000e+00,   1.50000000e+01],
       [  1.00000000e+01,   0.00000000e+00,   1.40000000e+01,
          1.13000000e+02,   7.00000000e+00,   4.80000000e+01],
       [  1.60000000e+01,   0.00000000e+00,   8.00000000e+00,
          1.65000000e+02,   4.00000000e+00,   2.70000000e+01],
       [  7.00000000e+00,   0.00000000e+00,   8.00000000e+00,
          1.36000000e+02,   6.00000000e+00,   2.50000000e+01],
       [  2.40000000e+01,   0.00000000e+00,   6.40000000e+01,
          9.00000000e+01,   6.00000000e+00,   1.06200000e+03]])))
('logistic regression', ('unigram', 'bigram'), (0.67156142927068041, 0.67967963584471758, array([[   39.,    17.,    23.,    25.,    13.,    12.],
       [   14.,    12.,    14.,    16.,    14.,     4.],
       [   36.,    20.,    45.,    46.,    35.,    10.],
       [   18.,    35.,    45.,    64.,    44.,    14.],
       [   22.,    19.,    32.,    44.,    56.,     9.],
       [   21.,    13.,    17.,    15.,    24.,  1156.]])))
('logistic regression', ('unigram', 'trigram'), (0.68330885952031328, 0.69038657076115273, array([[   45.,    19.,    26.,    19.,    12.,     8.],
       [   13.,    13.,    15.,    12.,    17.,     4.],
       [   34.,    15.,    52.,    49.,    33.,     9.],
       [   26.,    22.,    49.,    64.,    41.,    18.],
       [   15.,    17.,    42.,    38.,    62.,     8.],
       [   16.,    13.,    20.,    18.,    19.,  1160.]])))
('logistic regression', ('unigram', 'interval'), (0.67645619187469408, 0.68122145412294322, array([[   46.,    12.,    27.,    21.,    13.,    10.],
       [   15.,    11.,    10.,    18.,    14.,     6.],
       [   31.,    22.,    37.,    53.,    37.,    12.],
       [   33.,    38.,    41.,    56.,    44.,     8.],
       [   19.,    24.,    25.,    47.,    57.,    10.],
       [   27.,     6.,    14.,    12.,    12.,  1175.]])))
('logistic regression', ('bigram', 'trigram'), (0.67743514439549679, 0.67999555407281009, array([[   42.,    10.,    32.,    21.,    12.,    12.],
       [   17.,    10.,    12.,    15.,    17.,     3.],
       [   34.,    18.,    52.,    45.,    30.,    13.],
       [   28.,    20.,    51.,    57.,    41.,    23.],
       [   15.,    21.,    35.,    38.,    57.,    16.],
       [   20.,     9.,    14.,    15.,    22.,  1166.]])))
('logistic regression', ('bigram', 'interval'), (0.67058247674987759, 0.67470908013370956, array([[   39.,    15.,    24.,    20.,    20.,    11.],
       [   15.,    13.,    11.,    18.,    13.,     4.],
       [   36.,    20.,    39.,    44.,    39.,    14.],
       [   35.,    25.,    49.,    55.,    43.,    13.],
       [   25.,    23.,    28.,    40.,    53.,    13.],
       [   24.,    10.,    17.,    11.,    13.,  1171.]])))
('logistic regression', ('trigram', 'interval'), (0.67009300048947629, 0.67510189654517549, array([[   33.,    13.,    30.,    25.,    17.,    11.],
       [   15.,    14.,    11.,    14.,    18.,     2.],
       [   35.,    16.,    47.,    46.,    33.,    15.],
       [   32.,    24.,    50.,    54.,    47.,    13.],
       [   29.,    14.,    32.,    44.,    52.,    11.],
       [   23.,    13.,    17.,     9.,    15.,  1169.]])))
('logistic regression', ('unigram', 'bigram', 'trigram'), (0.68379833578071458, 0.68931262722087439, array([[   43.,    14.,    27.,    23.,    11.,    11.],
       [   16.,    11.,    12.,    13.,    17.,     5.],
       [   38.,    13.,    54.,    46.,    29.,    12.],
       [   26.,    22.,    51.,    62.,    43.,    16.],
       [   18.,    20.,    40.,    35.,    62.,     7.],
       [   13.,    12.,    19.,    16.,    21.,  1165.]])))
('logistic regression', ('unigram', 'bigram', 'interval'), (0.68281938325991187, 0.6883515087853691, array([[   43.,    18.,    22.,    24.,    14.,     8.],
       [   16.,    15.,    12.,    16.,    11.,     4.],
       [   40.,    23.,    43.,    47.,    30.,     9.],
       [   26.,    32.,    47.,    60.,    44.,    11.],
       [   23.,    19.,    33.,    46.,    54.,     7.],
       [   15.,     9.,    17.,    11.,    14.,  1180.]])))
('logistic regression', ('unigram', 'trigram', 'interval'), (0.69211943220753791, 0.69844300096505918, array([[   49.,    16.,    24.,    20.,    14.,     6.],
       [   11.,    13.,    16.,    15.,    17.,     2.],
       [   28.,    20.,    54.,    53.,    29.,     8.],
       [   27.,    24.,    54.,    60.,    45.,    10.],
       [   20.,    21.,    39.,    38.,    58.,     6.],
       [   13.,     9.,    13.,    15.,    16.,  1180.]])))
('logistic regression', ('bigram', 'trigram', 'interval'), (0.68624571708272153, 0.68883937961113018, array([[   44.,    10.,    31.,    20.,    13.,    11.],
       [   17.,    10.,    11.,    16.,    18.,     2.],
       [   32.,    17.,    51.,    52.,    33.,     7.],
       [   30.,    22.,    56.,    55.,    43.,    14.],
       [   17.,    22.,    32.,    41.,    57.,    13.],
       [   16.,     7.,    12.,    10.,    16.,  1185.]])))
('logistic regression', ('unigram', 'bigram', 'trigram', 'interval'), (0.69407733724914344, 0.69944434414479728, array([[   45.,    18.,    23.,    21.,    15.,     7.],
       [   15.,    12.,    13.,    17.,    15.,     2.],
       [   33.,    16.,    56.,    49.,    31.,     7.],
       [   30.,    21.,    55.,    59.,    44.,    11.],
       [   17.,    20.,    39.,    42.,    60.,     4.],
       [   13.,     8.,    15.,    10.,    14.,  1186.]])))
('bayes', ('unigram',), (0.62848751835535976, 0.63846014883426794, array([[   11.,    28.,    46.,    14.,    21.,     9.],
       [    2.,    26.,    20.,    10.,    12.,     4.],
       [    7.,    50.,    46.,    32.,    40.,    17.],
       [    8.,    57.,    59.,    29.,    44.,    23.],
       [    3.,    32.,    47.,    27.,    60.,    13.],
       [   12.,    37.,    38.,    14.,    33.,  1112.]])))
('bayes', ('bigram',), (0.62604013705335293, 0.63068114187343738, array([[   13.,    36.,    29.,    14.,    19.,    18.],
       [    9.,    21.,    12.,    16.,     8.,     8.],
       [   23.,    45.,    42.,    30.,    21.,    31.],
       [   19.,    50.,    60.,    33.,    31.,    27.],
       [   20.,    29.,    27.,    38.,    46.,    22.],
       [   25.,    36.,    23.,    18.,    20.,  1124.]])))
('bayes', ('trigram',), (0.62652961331375423, 0.6449102985159505, array([[   28.,    23.,    19.,    21.,    28.,    10.],
       [    8.,    15.,     8.,    19.,    19.,     5.],
       [   34.,    29.,    28.,    45.,    45.,    11.],
       [   30.,    30.,    31.,    55.,    63.,    11.],
       [   24.,    23.,    19.,    43.,    61.,    12.],
       [   42.,    39.,    23.,    13.,    36.,  1093.]])))
('bayes', ('interval',), (0.46402349486049926, 0.50688255446986941, array([[  94.,    0.,   13.,    5.,   10.,    7.],
       [  58.,    0.,    8.,    3.,    3.,    2.],
       [ 137.,    0.,   27.,    4.,   12.,   12.],
       [ 172.,    0.,   11.,    6.,   18.,   13.],
       [ 141.,    0.,   15.,    5.,   11.,   10.],
       [ 212.,    0.,  193.,   12.,   19.,  810.]])))
('bayes', ('unigram', 'bigram'), (0.63631913852178168, 0.64607142694573527, array([[   15.,    32.,    35.,    14.,    23.,    10.],
       [    3.,    22.,    18.,    14.,    13.,     4.],
       [   13.,    48.,    50.,    33.,    32.,    16.],
       [   14.,    54.,    64.,    29.,    37.,    22.],
       [    8.,    31.,    34.,    34.,    62.,    13.],
       [   23.,    29.,    24.,    14.,    34.,  1122.]])))
('bayes', ('unigram', 'trigram'), (0.63387175721977485, 0.6508955633127198, array([[   32.,    18.,    23.,    19.,    30.,     7.],
       [   10.,    14.,     8.,    20.,    19.,     3.],
       [   29.,    27.,    31.,    47.,    47.,    11.],
       [   26.,    32.,    39.,    50.,    64.,     9.],
       [   17.,    23.,    24.,    43.,    64.,    11.],
       [   37.,    22.,    26.,    21.,    36.,  1104.]])))
('bayes', ('unigram', 'interval'), (0.65442976015663246, 0.63113941590318046, array([[   30.,    22.,    17.,     9.,    10.,    41.],
       [   16.,    22.,     4.,     9.,     5.,    18.],
       [   36.,    39.,    27.,    22.,    19.,    49.],
       [   36.,    51.,    36.,    26.,    25.,    46.],
       [   29.,    31.,    25.,    28.,    37.,    32.],
       [   13.,    13.,    11.,     7.,     7.,  1195.]])))
('bayes', ('bigram', 'trigram'), (0.63240332843857072, 0.64888426438784941, array([[   31.,    21.,    21.,    20.,    27.,     9.],
       [    9.,    14.,     7.,    20.,    19.,     5.],
       [   37.,    30.,    28.,    45.,    41.,    11.],
       [   29.,    32.,    38.,    52.,    61.,     8.],
       [   22.,    23.,    21.,    43.,    60.,    13.],
       [   38.,    30.,    25.,    15.,    31.,  1107.]])))
('bayes', ('bigram', 'interval'), (0.64121390112579535, 0.60511620898647001, array([[   18.,    20.,    20.,     8.,     7.,    56.],
       [   10.,    23.,     9.,     8.,     5.,    19.],
       [   23.,    36.,    36.,    13.,    15.,    69.],
       [   32.,    47.,    47.,    14.,    19.,    61.],
       [   28.,    32.,    28.,    19.,    28.,    47.],
       [   14.,    18.,     9.,     7.,     7.,  1191.]])))
('bayes', ('trigram', 'interval'), (0.6304454233969653, 0.58821763594077348, array([[   12.,    13.,    26.,    11.,     9.,    58.],
       [    9.,    21.,    11.,     5.,     5.,    23.],
       [   24.,    29.,    37.,    11.,    14.,    77.],
       [   34.,    39.,    41.,    11.,    21.,    74.],
       [   26.,    23.,    26.,    16.,    27.,    64.],
       [   11.,    24.,    15.,     7.,     9.,  1180.]])))
('bayes', ('unigram', 'bigram', 'trigram'), (0.63436123348017626, 0.65110471402651471, array([[   31.,    17.,    27.,    19.,    27.,     8.],
       [   10.,    13.,     8.,    21.,    19.,     3.],
       [   31.,    26.,    34.,    45.,    44.,    12.],
       [   26.,    30.,    46.,    50.,    60.,     8.],
       [   21.,    22.,    26.,    43.,    59.,    11.],
       [   34.,    23.,    25.,    21.,    34.,  1109.]])))
('bayes', ('unigram', 'bigram', 'interval'), (0.64708761625061184, 0.62127956611793089, array([[   24.,    23.,    21.,     7.,    10.,    44.],
       [   16.,    21.,     7.,     8.,     4.,    18.],
       [   29.,    44.,    29.,    19.,    18.,    53.],
       [   36.,    57.,    43.,    18.,    19.,    47.],
       [   31.,    36.,    23.,    26.,    33.,    33.],
       [   11.,    19.,     6.,     6.,     7.,  1197.]])))
('bayes', ('unigram', 'trigram', 'interval'), (0.64366128242780229, 0.61906350133583055, array([[   22.,    21.,    25.,     7.,    11.,    43.],
       [   16.,    21.,     8.,     7.,     4.,    18.],
       [   28.,    43.,    31.,    16.,    19.,    55.],
       [   38.,    51.,    51.,    16.,    20.,    44.],
       [   30.,    37.,    26.,    21.,    35.,    33.],
       [   12.,    20.,    10.,     7.,     7.,  1190.]])))
('bayes', ('bigram', 'trigram', 'interval'), (0.63436123348017626, 0.5937156529907891, array([[   10.,    18.,    24.,    10.,     7.,    60.],
       [   10.,    23.,     7.,     5.,     5.,    24.],
       [   21.,    37.,    37.,     8.,    15.,    74.],
       [   26.,    44.,    46.,    12.,    22.,    70.],
       [   24.,    32.,    27.,    17.,    29.,    53.],
       [   12.,    21.,    13.,     6.,     9.,  1185.]])))
('bayes', ('unigram', 'bigram', 'trigram', 'interval'), (0.64317180616740088, 0.61552940550882684, array([[   17.,    20.,    26.,     8.,    10.,    48.],
       [   15.,    21.,     8.,     7.,     4.,    19.],
       [   27.,    44.,    36.,    15.,    17.,    53.],
       [   33.,    52.,    49.,    15.,    20.,    51.],
       [   26.,    39.,    27.,    23.,    32.,    35.],
       [   13.,    18.,     8.,     6.,     8.,  1193.]])))
('lda', ('unigram',), (0.67596671561429267, 0.657495506872117, array([[   25.,     6.,    19.,    25.,    16.,    38.],
       [    5.,     9.,    19.,    19.,    12.,    10.],
       [   25.,    12.,    32.,    50.,    31.,    42.],
       [   13.,    17.,    51.,    70.,    32.,    37.],
       [   10.,    11.,    24.,    47.,    54.,    36.],
       [    7.,     6.,    12.,    14.,    16.,  1191.]])))
('lda', ('bigram',), (0.66177190406265296, 0.63163700449006244, array([[   18.,     6.,    20.,    18.,    13.,    54.],
       [    6.,     8.,     8.,    19.,     8.,    25.],
       [   22.,    12.,    26.,    40.,    29.,    63.],
       [   12.,    13.,    47.,    66.,    30.,    52.],
       [   13.,     7.,    20.,    48.,    48.,    46.],
       [   13.,    11.,    10.,    12.,    14.,  1186.]])))
('lda', ('trigram',), (0.67841409691629961, 0.66094029035547264, array([[   23.,     9.,    29.,    21.,    13.,    34.],
       [    7.,    14.,    11.,    19.,    14.,     9.],
       [   32.,    15.,    37.,    40.,    31.,    37.],
       [   20.,    16.,    48.,    65.,    37.,    34.],
       [   15.,    11.,    27.,    42.,    48.,    39.],
       [   12.,     3.,    11.,     4.,    17.,  1199.]])))
('lda', ('interval',), (0.60988742046010769, 0.46209773541702293, array([[    0.,     0.,     0.,     0.,     0.,   129.],
       [    0.,     0.,     0.,     0.,     0.,    74.],
       [    0.,     0.,     0.,     0.,     0.,   192.],
       [    0.,     0.,     0.,     0.,     0.,   220.],
       [    0.,     0.,     0.,     0.,     0.,   182.],
       [    0.,     0.,     0.,     0.,     0.,  1246.]])))
('lda', ('unigram', 'bigram'), (0.67939304943710233, 0.66748797760485112, array([[   27.,     5.,    27.,    25.,    16.,    29.],
       [    8.,     8.,    16.,    19.,    13.,    10.],
       [   28.,    17.,    35.,    52.,    26.,    34.],
       [   14.,    18.,    50.,    71.,    37.,    30.],
       [   14.,     9.,    28.,    47.,    60.,    24.],
       [   10.,     7.,    10.,    15.,    17.,  1187.]])))
('lda', ('unigram', 'trigram'), (0.69456681350954474, 0.68553574296563335, array([[   29.,     9.,    33.,    21.,    14.,    23.],
       [    8.,    13.,    13.,    20.,    15.,     5.],
       [   32.,    11.,    44.,    43.,    38.,    24.],
       [   18.,    15.,    52.,    72.,    41.,    22.],
       [   10.,    14.,    26.,    48.,    60.,    24.],
       [    8.,     2.,    13.,     6.,    16.,  1201.]])))
('lda', ('unigram', 'interval'), (0.67694566813509549, 0.66106343179071125, array([[   25.,     6.,    24.,    26.,    17.,    31.],
       [    5.,     9.,    19.,    20.,    13.,     8.],
       [   26.,    12.,    32.,    52.,    31.,    39.],
       [   13.,    18.,    50.,    70.,    34.,    35.],
       [   10.,    11.,    27.,    47.,    55.,    32.],
       [    7.,     6.,    11.,    15.,    15.,  1192.]])))
('lda', ('bigram', 'trigram'), (0.68428781204111599, 0.6696851057440707, array([[   25.,     8.,    33.,    19.,    11.,    33.],
       [    6.,    14.,    14.,    19.,    13.,     8.],
       [   37.,    13.,    41.,    37.,    31.,    33.],
       [   19.,    17.,    45.,    69.,    43.,    27.],
       [    9.,    13.,    32.,    42.,    50.,    36.],
       [   10.,     3.,    11.,     6.,    17.,  1199.]])))
('lda', ('bigram', 'interval'), (0.66372980910425849, 0.63755540712426106, array([[   21.,     6.,    23.,    18.,    14.,    47.],
       [    6.,     8.,    12.,    20.,     9.,    19.],
       [   24.,    13.,    25.,    41.,    32.,    57.],
       [   12.,    13.,    48.,    67.,    30.,    50.],
       [   14.,     8.,    22.,    50.,    48.,    40.],
       [   13.,    10.,    10.,    11.,    15.,  1187.]])))
('lda', ('trigram', 'interval'), (0.67939304943710233, 0.66364931660240456, array([[   23.,     9.,    30.,    21.,    13.,    33.],
       [    7.,    14.,    11.,    19.,    14.,     9.],
       [   33.,    15.,    39.,    40.,    31.,    34.],
       [   20.,    16.,    49.,    65.,    39.,    31.],
       [   14.,    12.,    28.,    42.,    49.,    37.],
       [   13.,     3.,    13.,     4.,    15.,  1198.]])))
('lda', ('unigram', 'bigram', 'trigram'), (0.69603524229074887, 0.6887495275298442, array([[   32.,     7.,    36.,    19.,    13.,    22.],
       [    8.,    14.,    13.,    19.,    15.,     5.],
       [   34.,    11.,    45.,    45.,    34.,    23.],
       [   18.,    15.,    52.,    71.,    43.,    21.],
       [   12.,    12.,    31.,    48.,    60.,    19.],
       [   10.,     3.,    13.,     6.,    14.,  1200.]])))
('lda', ('unigram', 'bigram', 'interval'), (0.68379833578071458, 0.67435152514585284, array([[   28.,     5.,    30.,    28.,    16.,    22.],
       [    8.,     8.,    17.,    19.,    14.,     8.],
       [   29.,    17.,    36.,    53.,    26.,    31.],
       [   15.,    18.,    52.,    73.,    37.,    25.],
       [   13.,     9.,    29.,    46.,    62.,    23.],
       [   10.,     7.,    10.,    13.,    16.,  1190.]])))
('lda', ('unigram', 'trigram', 'interval'), (0.69358786098874203, 0.68569584389857652, array([[   29.,     9.,    33.,    21.,    14.,    23.],
       [    8.,    13.,    13.,    20.,    15.,     5.],
       [   33.,    11.,    43.,    43.,    38.,    24.],
       [   17.,    15.,    52.,    72.,    42.,    22.],
       [   13.,    14.,    29.,    48.,    60.,    18.],
       [   10.,     2.,    13.,     6.,    15.,  1200.]])))
('lda', ('bigram', 'trigram', 'interval'), (0.68624571708272153, 0.67181712547720529, array([[   25.,     8.,    34.,    19.,    11.,    32.],
       [    6.,    15.,    13.,    19.,    13.,     8.],
       [   38.,    13.,    41.,    37.,    32.,    31.],
       [   20.,    17.,    46.,    68.,    43.,    26.],
       [   10.,    13.,    32.,    42.,    50.,    35.],
       [   10.,     4.,    10.,     6.,    13.,  1203.]])))
('lda', ('unigram', 'bigram', 'trigram', 'interval'), (0.69652471855115028, 0.69019114711449969, array([[   33.,     7.,    36.,    19.,    13.,    21.],
       [    8.,    14.,    13.,    19.,    15.,     5.],
       [   35.,    11.,    45.,    46.,    34.,    21.],
       [   18.,    15.,    53.,    71.,    43.,    20.],
       [   12.,    12.,    31.,    48.,    61.,    18.],
       [   11.,     3.,    12.,     6.,    15.,  1199.]])))
