('svm', ('unigram',), (0.64478584729981381, 0.64166982619735113, array([[   38.,    11.,    18.,    19.,     9.,    18.,    16.],
       [   12.,    10.,     8.,     8.,    12.,     8.,    16.],
       [   32.,    22.,    24.,    40.,    38.,    21.,    15.],
       [   16.,    29.,    28.,    55.,    40.,    24.,    28.],
       [   15.,    20.,    15.,    41.,    56.,    15.,    20.],
       [   19.,     9.,    10.,    12.,    19.,  1170.,     7.],
       [   11.,    18.,    11.,    18.,     7.,     8.,    32.]])))
('svm', ('bigram',), (0.63826815642458101, 0.62763351694766256, array([[   24.,    13.,    13.,    24.,    16.,    26.,    13.],
       [   10.,    11.,     7.,    12.,     9.,     8.,    17.],
       [   27.,    19.,    20.,    33.,    36.,    36.,    21.],
       [   16.,    19.,    26.,    57.,    36.,    31.,    35.],
       [   11.,    17.,    13.,    28.,    65.,    27.,    21.],
       [   19.,    12.,    11.,     9.,    15.,  1169.,    11.],
       [    9.,    16.,    12.,    18.,    14.,    11.,    25.]])))
('svm', ('trigram',), (0.64245810055865926, 0.63298862451268056, array([[   27.,    11.,    20.,    20.,    12.,    25.,    14.],
       [    8.,    14.,     8.,     8.,    11.,    10.,    15.],
       [   28.,    16.,    30.,    36.,    30.,    31.,    21.],
       [   22.,    16.,    35.,    53.,    31.,    30.,    33.],
       [   11.,    12.,    13.,    35.,    62.,    31.,    18.],
       [   22.,     7.,    14.,     7.,    19.,  1170.,     7.],
       [   12.,    17.,    11.,    16.,    15.,    10.,    24.]])))
('svm', ('interval',), (0.58007448789571692, 0.54082555006004962, array([[  4.00000000e+00,   0.00000000e+00,   0.00000000e+00,
          9.20000000e+01,   8.00000000e+00,   2.50000000e+01,
          0.00000000e+00],
       [  2.00000000e+00,   0.00000000e+00,   0.00000000e+00,
          5.40000000e+01,   1.00000000e+00,   1.70000000e+01,
          0.00000000e+00],
       [  5.00000000e+00,   0.00000000e+00,   0.00000000e+00,
          1.16000000e+02,   1.70000000e+01,   5.30000000e+01,
          1.00000000e+00],
       [  1.10000000e+01,   0.00000000e+00,   0.00000000e+00,
          1.51000000e+02,   2.30000000e+01,   3.20000000e+01,
          3.00000000e+00],
       [  6.00000000e+00,   0.00000000e+00,   0.00000000e+00,
          1.42000000e+02,   5.00000000e+00,   2.80000000e+01,
          1.00000000e+00],
       [  1.60000000e+01,   0.00000000e+00,   0.00000000e+00,
          1.38000000e+02,   3.00000000e+00,   1.08600000e+03,
          3.00000000e+00],
       [  0.00000000e+00,   0.00000000e+00,   0.00000000e+00,
          8.40000000e+01,   6.00000000e+00,   1.50000000e+01,
          0.00000000e+00]])))
('svm', ('unigram', 'bigram'), (0.6466480446927374, 0.649705749133761, array([[   33.,    15.,    18.,    24.,    11.,    10.,    18.],
       [   13.,    12.,    11.,     7.,    13.,     3.,    15.],
       [   31.,    21.,    30.,    41.,    34.,    13.,    22.],
       [   19.,    22.,    39.,    55.,    40.,    17.,    28.],
       [   15.,    15.,    15.,    37.,    63.,    13.,    24.],
       [   17.,    11.,    11.,    11.,    23.,  1167.,     6.],
       [   12.,    18.,    14.,    17.,     9.,     6.,    29.]])))
('svm', ('unigram', 'trigram'), (0.65270018621973924, 0.65391227886238323, array([[   41.,    14.,    18.,    20.,    10.,    11.,    15.],
       [   14.,    12.,    11.,     8.,    14.,     3.,    12.],
       [   30.,    15.,    40.,    35.,    33.,    16.,    23.],
       [   23.,    20.,    37.,    50.,    40.,    18.,    32.],
       [   14.,    21.,    23.,    35.,    62.,    12.,    15.],
       [   19.,     7.,    15.,    12.,    19.,  1170.,     4.],
       [   13.,    12.,    12.,    18.,    13.,    10.,    27.]])))
('svm', ('unigram', 'interval'), (0.6522346368715084, 0.65244980237513084, array([[   43.,    11.,    15.,    18.,    13.,    11.,    18.],
       [   14.,    10.,     7.,     8.,    14.,     5.,    16.],
       [   31.,    23.,    24.,    47.,    33.,    19.,    15.],
       [   22.,    24.,    32.,    55.,    43.,    14.,    30.],
       [   15.,    22.,    14.,    41.,    61.,     9.,    20.],
       [   23.,     8.,    10.,    11.,    11.,  1176.,     7.],
       [   12.,    17.,    11.,    17.,    10.,     6.,    32.]])))
('svm', ('bigram', 'trigram'), (0.63966480446927376, 0.63672356406483532, array([[   31.,    13.,    19.,    23.,    13.,    17.,    13.],
       [   12.,     9.,    10.,     7.,    16.,     3.,    17.],
       [   30.,    20.,    31.,    34.,    34.,    24.,    19.],
       [   21.,    18.,    29.,    53.,    38.,    22.,    39.],
       [   10.,    19.,    20.,    35.,    59.,    22.,    17.],
       [   19.,     9.,    13.,     9.,    20.,  1171.,     5.],
       [   15.,    13.,    12.,    21.,    15.,     9.,    20.]])))
('svm', ('bigram', 'interval'), (0.64757914338919931, 0.64819972704280671, array([[   32.,    14.,    13.,    29.,    14.,    12.,    15.],
       [   15.,    10.,     6.,    12.,    12.,     3.,    16.],
       [   33.,    17.,    24.,    38.,    38.,    18.,    24.],
       [   19.,    23.,    30.,    62.,    39.,    16.,    31.],
       [   14.,    23.,    16.,    32.,    64.,    10.,    23.],
       [   18.,    11.,    11.,     9.,    13.,  1175.,     9.],
       [   11.,    17.,    12.,    17.,    15.,     9.,    24.]])))
('svm', ('trigram', 'interval'), (0.64199255121042831, 0.64182835124126136, array([[   34.,     9.,    23.,    21.,    21.,     9.,    12.],
       [   13.,    12.,     9.,     8.,    13.,     4.,    15.],
       [   35.,    17.,    28.,    31.,    40.,    22.,    19.],
       [   27.,    17.,    33.,    50.,    42.,    16.,    35.],
       [   19.,    14.,    14.,    36.,    66.,    16.,    17.],
       [   22.,    10.,    12.,     8.,    19.,  1167.,     8.],
       [   13.,    17.,    12.,    18.,    14.,     9.,    22.]])))
('svm', ('unigram', 'bigram', 'trigram'), (0.6531657355679702, 0.65685307119464387, array([[   35.,    16.,    24.,    20.,    12.,    10.,    12.],
       [   16.,    10.,    11.,     8.,    13.,     2.,    14.],
       [   34.,    17.,    37.,    36.,    32.,    11.,    25.],
       [   21.,    18.,    39.,    57.,    37.,    17.,    31.],
       [   16.,    22.,    24.,    32.,    61.,    11.,    16.],
       [   18.,     7.,    18.,    11.,    16.,  1173.,     3.],
       [   16.,    12.,    13.,    18.,    11.,     5.,    30.]])))
('svm', ('unigram', 'bigram', 'interval'), (0.6559590316573557, 0.65806685822394861, array([[   38.,    13.,    17.,    21.,    12.,     9.,    19.],
       [   13.,    12.,     7.,    10.,    15.,     4.,    13.],
       [   29.,    19.,    36.,    38.,    32.,    13.,    25.],
       [   23.,    24.,    35.,    50.,    39.,    15.,    34.],
       [   18.,    19.,    16.,    36.,    60.,     8.,    25.],
       [   15.,     8.,    11.,     8.,    12.,  1187.,     5.],
       [   13.,    20.,    13.,    19.,    10.,     4.,    26.]])))
('svm', ('unigram', 'trigram', 'interval'), (0.65642458100558654, 0.65927577493913203, array([[   43.,    14.,    21.,    17.,    12.,     8.,    14.],
       [   14.,     9.,     7.,     8.,    20.,     3.,    13.],
       [   28.,    19.,    36.,    39.,    32.,    14.,    24.],
       [   22.,    18.,    35.,    54.,    41.,    15.,    35.],
       [   14.,    21.,    23.,    39.,    63.,     5.,    17.],
       [   17.,     9.,    10.,     9.,    16.,  1181.,     4.],
       [   17.,    13.,    12.,    21.,    13.,     5.,    24.]])))
('svm', ('bigram', 'trigram', 'interval'), (0.64711359404096835, 0.6484333642333775, array([[  3.40000000e+01,   1.40000000e+01,   1.80000000e+01,
          2.40000000e+01,   1.60000000e+01,   1.20000000e+01,
          1.10000000e+01],
       [  1.30000000e+01,   7.00000000e+00,   1.20000000e+01,
          7.00000000e+00,   1.40000000e+01,   1.00000000e+00,
          2.00000000e+01],
       [  3.60000000e+01,   1.90000000e+01,   3.20000000e+01,
          3.70000000e+01,   3.60000000e+01,   1.50000000e+01,
          1.70000000e+01],
       [  2.40000000e+01,   1.90000000e+01,   2.90000000e+01,
          5.00000000e+01,   4.80000000e+01,   1.40000000e+01,
          3.60000000e+01],
       [  1.10000000e+01,   1.90000000e+01,   2.00000000e+01,
          3.50000000e+01,   6.30000000e+01,   1.20000000e+01,
          2.20000000e+01],
       [  1.90000000e+01,   8.00000000e+00,   1.10000000e+01,
          8.00000000e+00,   1.70000000e+01,   1.17900000e+03,
          4.00000000e+00],
       [  1.60000000e+01,   1.30000000e+01,   1.30000000e+01,
          2.00000000e+01,   1.20000000e+01,   6.00000000e+00,
          2.50000000e+01]])))
('svm', ('unigram', 'bigram', 'trigram', 'interval'), (0.66061452513966479, 0.6630005861620728, array([[   39.,    15.,    23.,    20.,    14.,     7.,    11.],
       [   15.,    10.,    10.,    10.,    14.,     3.,    12.],
       [   32.,    16.,    36.,    42.,    31.,    12.,    23.],
       [   22.,    19.,    34.,    56.,    39.,    16.,    34.],
       [   15.,    21.,    23.,    36.,    64.,     5.,    18.],
       [   14.,     6.,    13.,    10.,    11.,  1189.,     3.],
       [   16.,    15.,    13.,    21.,    12.,     3.,    25.]])))
('logistic regression', ('unigram',), (0.64245810055865926, 0.64125314715300241, array([[   41.,    12.,    16.,    16.,    12.,    16.,    16.],
       [   15.,    10.,     8.,     8.,    11.,     8.,    14.],
       [   28.,    22.,    26.,    39.,    39.,    21.,    17.],
       [   18.,    26.,    34.,    52.,    41.,    22.,    27.],
       [   11.,    19.,    21.,    40.,    54.,    15.,    22.],
       [   21.,    10.,    13.,    14.,    15.,  1165.,     8.],
       [   11.,    17.,    13.,    15.,    11.,     6.,    32.]])))
('logistic regression', ('bigram',), (0.63268156424581001, 0.62995523168626122, array([[   27.,    14.,    19.,    23.,    15.,    20.,    11.],
       [   11.,    10.,     8.,    13.,    11.,     6.,    15.],
       [   28.,    21.,    25.,    36.,    30.,    30.,    22.],
       [   21.,    21.,    31.,    58.,    34.,    27.,    28.],
       [   11.,    19.,    18.,    31.,    61.,    20.,    22.],
       [   21.,    12.,    18.,    11.,    17.,  1154.,    13.],
       [   11.,    15.,    14.,    17.,    14.,    10.,    24.]])))
('logistic regression', ('trigram',), (0.63640595903165731, 0.63796192545061259, array([[   29.,    11.,    27.,    17.,    16.,    18.,    11.],
       [   12.,    11.,    11.,    12.,    11.,     5.,    12.],
       [   31.,    14.,    38.,    34.,    36.,    19.,    20.],
       [   27.,    19.,    41.,    51.,    36.,    17.,    29.],
       [   18.,    15.,    13.,    30.,    65.,    23.,    18.],
       [   25.,    10.,    20.,    14.,    19.,  1150.,     8.],
       [   11.,    12.,    18.,    22.,    12.,     7.,    23.]])))
('logistic regression', ('interval',), (0.57355679702048412, 0.54962005515477441, array([[  1.10000000e+01,   0.00000000e+00,   7.00000000e+00,
          8.50000000e+01,   6.00000000e+00,   2.00000000e+01,
          0.00000000e+00],
       [  2.00000000e+00,   0.00000000e+00,   9.00000000e+00,
          4.80000000e+01,   1.00000000e+00,   1.40000000e+01,
          0.00000000e+00],
       [  1.40000000e+01,   0.00000000e+00,   1.20000000e+01,
          1.02000000e+02,   1.40000000e+01,   4.90000000e+01,
          1.00000000e+00],
       [  1.40000000e+01,   0.00000000e+00,   1.50000000e+01,
          1.45000000e+02,   1.60000000e+01,   2.70000000e+01,
          3.00000000e+00],
       [  1.10000000e+01,   0.00000000e+00,   7.00000000e+00,
          1.36000000e+02,   1.00000000e+00,   2.50000000e+01,
          2.00000000e+00],
       [  2.50000000e+01,   0.00000000e+00,   6.80000000e+01,
          8.80000000e+01,   1.00000000e+00,   1.06200000e+03,
          2.00000000e+00],
       [  4.00000000e+00,   0.00000000e+00,   6.00000000e+00,
          8.00000000e+01,   3.00000000e+00,   1.10000000e+01,
          1.00000000e+00]])))
('logistic regression', ('unigram', 'bigram'), (0.64757914338919931, 0.65246015037942662, array([[   35.,    14.,    20.,    21.,    12.,    12.,    15.],
       [   15.,    14.,     9.,    10.,    12.,     3.,    11.],
       [   28.,    17.,    38.,    46.,    28.,    11.,    24.],
       [   17.,    22.,    40.,    57.,    42.,    15.,    27.],
       [   16.,    13.,    24.,    35.,    58.,    12.,    24.],
       [   19.,    16.,    17.,    11.,    17.,  1163.,     3.],
       [   11.,    19.,    13.,    20.,    10.,     6.,    26.]])))
('logistic regression', ('unigram', 'trigram'), (0.6531657355679702, 0.65828668999629181, array([[   42.,    13.,    20.,    20.,    12.,    10.,    12.],
       [   14.,    11.,    12.,     9.,    17.,     2.,     9.],
       [   26.,    19.,    46.,    42.,    28.,    10.,    21.],
       [   26.,    15.,    37.,    61.,    35.,    16.,    30.],
       [   12.,    19.,    29.,    32.,    61.,    12.,    17.],
       [   17.,     9.,    21.,    14.,    16.,  1163.,     6.],
       [   16.,    11.,    20.,    22.,    11.,     6.,    19.]])))
('logistic regression', ('unigram', 'interval'), (0.6485102420856611, 0.65185348399381726, array([[   43.,    11.,    17.,    17.,    14.,    11.,    16.],
       [   14.,    11.,     7.,     8.,    12.,     6.,    16.],
       [   26.,    23.,    31.,    46.,    32.,    20.,    14.],
       [   23.,    29.,    36.,    54.,    45.,     8.,    25.],
       [   16.,    20.,    19.,    43.,    56.,     8.,    20.],
       [   26.,     8.,    12.,    13.,    11.,  1168.,     8.],
       [   11.,    16.,    13.,    19.,    10.,     6.,    30.]])))
('logistic regression', ('bigram', 'trigram'), (0.64152700186219735, 0.64464707710152602, array([[   35.,    10.,    28.,    17.,    13.,    15.,    11.],
       [   13.,    13.,    10.,    10.,    15.,     3.,    10.],
       [   33.,    17.,    36.,    41.,    32.,    12.,    21.],
       [   27.,    18.,    39.,    54.,    36.,    17.,    29.],
       [   12.,    20.,    22.,    34.,    60.,    18.,    16.],
       [   24.,     8.,    19.,    13.,    18.,  1159.,     5.],
       [   17.,    10.,    15.,    26.,    11.,     5.,    21.]])))
('logistic regression', ('bigram', 'interval'), (0.63919925512104281, 0.64267377530661296, array([[   30.,    15.,    20.,    23.,    15.,    13.,    13.],
       [   15.,    10.,     9.,    12.,    10.,     3.,    15.],
       [   32.,    18.,    27.,    42.,    32.,    15.,    26.],
       [   25.,    20.,    31.,    58.,    43.,    14.,    29.],
       [   17.,    21.,    16.,    37.,    61.,    11.,    19.],
       [   19.,    12.,    18.,    11.,    12.,  1165.,     9.],
       [   12.,    16.,    15.,    15.,    17.,     8.,    22.]])))
('logistic regression', ('trigram', 'interval'), (0.6466480446927374, 0.6500471551148278, array([[   31.,    11.,    31.,    17.,    18.,    10.,    11.],
       [   14.,    12.,    12.,     9.,    15.,     2.,    10.],
       [   30.,    17.,    38.,    34.,    37.,    15.,    21.],
       [   24.,    24.,    47.,    47.,    40.,     9.,    29.],
       [   18.,    12.,    22.,    30.,    68.,    10.,    22.],
       [   16.,     8.,    20.,     8.,    17.,  1172.,     5.],
       [   14.,    12.,    17.,    21.,    12.,     8.,    21.]])))
('logistic regression', ('unigram', 'bigram', 'trigram'), (0.6522346368715084, 0.65716330239049847, array([[   40.,    14.,    22.,    22.,    13.,     9.,     9.],
       [   14.,    10.,    11.,     9.,    18.,     3.,     9.],
       [   26.,    16.,    44.,    42.,    30.,    11.,    23.],
       [   28.,    17.,    38.,    60.,    38.,    14.,    25.],
       [   14.,    22.,    31.,    32.,    58.,    12.,    13.],
       [   18.,    12.,    20.,     8.,    18.,  1165.,     5.],
       [   14.,     9.,    15.,    25.,    12.,     6.,    24.]])))
('logistic regression', ('unigram', 'bigram', 'interval'), (0.66014897579143395, 0.66377766963029516, array([[   46.,    11.,    15.,    19.,    13.,    11.,    14.],
       [   15.,    13.,    10.,     7.,    15.,     3.,    11.],
       [   29.,    15.,    38.,    46.,    27.,    11.,    26.],
       [   19.,    25.,    40.,    56.,    39.,    13.,    28.],
       [   18.,    19.,    23.,    34.,    57.,     6.,    25.],
       [   12.,    11.,    20.,     8.,     9.,  1183.,     3.],
       [    9.,    20.,    15.,    22.,    11.,     3.,    25.]])))
('logistic regression', ('unigram', 'trigram', 'interval'), (0.65921787709497204, 0.66328266627504617, array([[   43.,    13.,    22.,    18.,    10.,     8.,    15.],
       [   12.,    11.,    12.,     9.,    16.,     5.,     9.],
       [   28.,    15.,    42.,    43.,    34.,     9.,    21.],
       [   27.,    17.,    40.,    59.,    37.,    13.,    27.],
       [   15.,    18.,    31.,    32.,    61.,     6.,    19.],
       [   13.,     6.,    16.,    14.,    12.,  1179.,     6.],
       [   18.,    11.,    19.,    19.,    13.,     4.,    21.]])))
('logistic regression', ('bigram', 'trigram', 'interval'), (0.65270018621973924, 0.65584566137041378, array([[   36.,    11.,    30.,    17.,    17.,     9.,     9.],
       [   14.,    11.,    12.,     9.,    16.,     2.,    10.],
       [   30.,    17.,    40.,    40.,    36.,    10.,    19.],
       [   28.,    22.,    43.,    53.,    38.,    10.,    26.],
       [   14.,    19.,    25.,    33.,    60.,    12.,    19.],
       [   14.,     9.,    18.,     9.,    15.,  1181.,     0.],
       [   18.,    10.,    15.,    25.,    10.,     6.,    21.]])))
('logistic regression', ('unigram', 'bigram', 'trigram', 'interval'), (0.65270018621973924, 0.65641303182194177, array([[   37.,    15.,    23.,    21.,    14.,     8.,    11.],
       [   14.,    11.,    11.,    10.,    17.,     2.,     9.],
       [   28.,    15.,    39.,    47.,    30.,    11.,    22.],
       [   31.,    17.,    39.,    54.,    36.,    16.,    27.],
       [   15.,    19.,    30.,    36.,    61.,     6.,    15.],
       [   12.,     7.,    19.,    14.,    12.,  1180.,     2.],
       [   18.,    10.,    16.,    29.,     9.,     3.,    20.]])))
('bayes', ('unigram',), (0.59217877094972071, 0.59754202968455317, array([[   11.,    21.,    33.,     6.,    12.,    10.,    36.],
       [    2.,    14.,    13.,     4.,     9.,     4.,    28.],
       [    5.,    31.,    34.,    16.,    24.,    18.,    64.],
       [    5.,    33.,    37.,    10.,    30.,    23.,    82.],
       [    4.,    25.,    26.,    18.,    43.,    11.,    55.],
       [   15.,    23.,    29.,     5.,    28.,  1113.,    33.],
       [    2.,    14.,    17.,     8.,    10.,     7.,    47.]])))
('bayes', ('bigram',), (0.5977653631284916, 0.59945308041877454, array([[   15.,    24.,    23.,    12.,    16.,    18.,    21.],
       [   10.,    16.,    11.,     9.,     7.,     9.,    12.],
       [   14.,    34.,    40.,    24.,    24.,    29.,    27.],
       [   17.,    38.,    46.,    21.,    26.,    28.,    44.],
       [   19.,    30.,    23.,    27.,    41.,    19.,    23.],
       [   21.,    31.,    17.,     9.,    19.,  1129.,    20.],
       [   12.,    22.,    14.,    12.,    12.,    11.,    22.]])))
('bayes', ('trigram',), (0.5977653631284916, 0.61354862657088594, array([[   21.,    19.,    19.,    16.,    29.,    10.,    15.],
       [    8.,    11.,     8.,    12.,    16.,     4.,    15.],
       [   30.,    23.,    23.,    37.,    37.,    10.,    32.],
       [   30.,    20.,    28.,    44.,    43.,     9.,    46.],
       [   26.,    20.,    16.,    38.,    52.,    12.,    18.],
       [   36.,    20.,    25.,    15.,    31.,  1106.,    13.],
       [   11.,    18.,    12.,    15.,    18.,     4.,    27.]])))
('bayes', ('interval',), (0.44366852886405961, 0.48284765732924234, array([[  89.,    0.,   14.,    3.,   16.,    7.,    0.],
       [  58.,    0.,    7.,    2.,    5.,    2.,    0.],
       [ 125.,    0.,   33.,    4.,   21.,    9.,    0.],
       [ 160.,    0.,   12.,    6.,   29.,   13.,    0.],
       [ 141.,    0.,   14.,    3.,   13.,   11.,    0.],
       [ 203.,    0.,  194.,    6.,   31.,  812.,    0.],
       [  83.,    0.,    5.,    0.,   11.,    6.,    0.]])))
('bayes', ('unigram', 'bigram'), (0.6005586592178771, 0.60715411317154777, array([[   15.,    25.,    30.,     8.,    16.,    12.,    23.],
       [    5.,    14.,    14.,     8.,    10.,     4.,    19.],
       [    8.,    29.,    45.,    22.,    20.,    18.,    50.],
       [   10.,    35.,    48.,    14.,    29.,    22.,    62.],
       [    6.,    31.,    28.,    23.,    44.,    11.,    39.],
       [   19.,    21.,    24.,     9.,    23.,  1126.,    24.],
       [    6.,    20.,    19.,     8.,    12.,     8.,    32.]])))
('bayes', ('unigram', 'trigram'), (0.60847299813780265, 0.62379353043638619, array([[   24.,    15.,    22.,    16.,    29.,     7.,    16.],
       [    9.,    12.,     7.,    13.,    16.,     3.,    14.],
       [   24.,    25.,    26.,    33.,    38.,    11.,    35.],
       [   18.,    22.,    32.,    46.,    45.,     9.,    48.],
       [   20.,    16.,    19.,    34.,    62.,    10.,    21.],
       [   32.,    17.,    24.,    15.,    39.,  1107.,    12.],
       [   10.,    18.,    13.,    15.,    15.,     4.,    30.]])))
('bayes', ('unigram', 'interval'), (0.62849162011173187, 0.60584984883009652, array([[   35.,    22.,    17.,     4.,     4.,    35.,    12.],
       [   19.,    20.,     4.,     4.,     3.,    15.,     9.],
       [   41.,    32.,    29.,    13.,    12.,    50.,    15.],
       [   31.,    46.,    37.,    21.,    17.,    42.,    26.],
       [   28.,    25.,    14.,    31.,    34.,    28.,    22.],
       [    9.,     9.,     9.,     4.,     9.,  1196.,    10.],
       [   25.,    22.,    11.,     9.,     8.,    15.,    15.]])))
('bayes', ('bigram', 'trigram'), (0.6042830540037244, 0.61952097433717102, array([[   22.,    17.,    21.,    15.,    29.,     9.,    16.],
       [    7.,    13.,     8.,    11.,    15.,     4.,    16.],
       [   31.,    29.,    28.,    31.,    34.,    11.,    28.],
       [   28.,    20.,    30.,    46.,    44.,    10.,    42.],
       [   24.,    19.,    20.,    39.,    51.,    12.,    17.],
       [   31.,    21.,    24.,    17.,    31.,  1110.,    12.],
       [   11.,    19.,    13.,    16.,    14.,     4.,    28.]])))
('bayes', ('bigram', 'interval'), (0.61405959031657353, 0.57619305221472228, array([[   13.,    18.,    20.,     5.,     8.,    50.,    15.],
       [   10.,    23.,     6.,     2.,     4.,    22.,     7.],
       [   26.,    26.,    34.,     6.,    14.,    72.,    14.],
       [   26.,    38.,    39.,    12.,    16.,    59.,    30.],
       [   19.,    31.,    27.,    17.,    26.,    45.,    17.],
       [   10.,    16.,    12.,     4.,     6.,  1190.,     8.],
       [   14.,    26.,    11.,     8.,     4.,    21.,    21.]])))
('bayes', ('trigram', 'interval'), (0.60102420856610805, 0.55663142680575106, array([[   12.,    12.,    22.,     6.,     8.,    58.,    11.],
       [   11.,    19.,    11.,     2.,     4.,    22.,     5.],
       [   23.,    29.,    40.,     7.,    11.,    75.,     7.],
       [   23.,    31.,    41.,    10.,    16.,    76.,    23.],
       [   22.,    20.,    28.,    13.,    23.,    64.,    12.],
       [   10.,    16.,    21.,     6.,     5.,  1176.,    12.],
       [   14.,    23.,    14.,     6.,     9.,    28.,    11.]])))
('bayes', ('unigram', 'bigram', 'trigram'), (0.61173184357541899, 0.62658465576699551, array([[   23.,    15.,    24.,    19.,    26.,     7.,    15.],
       [    8.,    12.,     8.,    13.,    15.,     3.,    15.],
       [   25.,    25.,    32.,    30.,    36.,    11.,    33.],
       [   19.,    22.,    33.,    47.,    43.,    10.,    46.],
       [   19.,    17.,    21.,    36.,    58.,    12.,    19.],
       [   29.,    19.,    22.,    18.,    36.,  1110.,    12.],
       [   10.,    17.,    12.,    15.,    15.,     4.,    32.]])))
('bayes', ('unigram', 'bigram', 'interval'), (0.62569832402234637, 0.60049849369432573, array([[  2.40000000e+01,   2.20000000e+01,   1.90000000e+01,
          5.00000000e+00,   4.00000000e+00,   4.20000000e+01,
          1.30000000e+01],
       [  1.50000000e+01,   2.20000000e+01,   7.00000000e+00,
          1.00000000e+00,   4.00000000e+00,   1.80000000e+01,
          7.00000000e+00],
       [  3.40000000e+01,   3.20000000e+01,   3.70000000e+01,
          9.00000000e+00,   1.20000000e+01,   5.00000000e+01,
          1.80000000e+01],
       [  2.40000000e+01,   4.70000000e+01,   4.10000000e+01,
          1.70000000e+01,   1.80000000e+01,   4.30000000e+01,
          3.00000000e+01],
       [  2.80000000e+01,   3.00000000e+01,   1.70000000e+01,
          2.20000000e+01,   3.00000000e+01,   3.00000000e+01,
          2.50000000e+01],
       [  1.10000000e+01,   1.10000000e+01,   9.00000000e+00,
          6.00000000e+00,   4.00000000e+00,   1.19600000e+03,
          9.00000000e+00],
       [  2.10000000e+01,   2.30000000e+01,   1.20000000e+01,
          9.00000000e+00,   6.00000000e+00,   1.60000000e+01,
          1.80000000e+01]])))
('bayes', ('unigram', 'trigram', 'interval'), (0.62337057728119183, 0.59788777160182449, array([[  2.40000000e+01,   2.00000000e+01,   2.00000000e+01,
          4.00000000e+00,   4.00000000e+00,   4.20000000e+01,
          1.50000000e+01],
       [  1.30000000e+01,   2.20000000e+01,   9.00000000e+00,
          1.00000000e+00,   5.00000000e+00,   1.70000000e+01,
          7.00000000e+00],
       [  3.10000000e+01,   3.20000000e+01,   3.80000000e+01,
          1.10000000e+01,   1.60000000e+01,   5.20000000e+01,
          1.20000000e+01],
       [  2.40000000e+01,   4.00000000e+01,   5.40000000e+01,
          1.40000000e+01,   1.80000000e+01,   4.20000000e+01,
          2.80000000e+01],
       [  2.90000000e+01,   3.00000000e+01,   2.20000000e+01,
          2.10000000e+01,   3.10000000e+01,   2.80000000e+01,
          2.10000000e+01],
       [  1.00000000e+01,   1.00000000e+01,   1.60000000e+01,
          6.00000000e+00,   5.00000000e+00,   1.19200000e+03,
          7.00000000e+00],
       [  1.90000000e+01,   2.40000000e+01,   1.50000000e+01,
          7.00000000e+00,   7.00000000e+00,   1.50000000e+01,
          1.80000000e+01]])))
('bayes', ('bigram', 'trigram', 'interval'), (0.60800744878957169, 0.56586948283952376, array([[    8.,    16.,    22.,     6.,     8.,    54.,    15.],
       [   10.,    21.,     7.,     2.,     4.,    23.,     7.],
       [   21.,    29.,    40.,     5.,    12.,    76.,     9.],
       [   22.,    38.,    38.,    10.,    14.,    69.,    29.],
       [   18.,    27.,    32.,    16.,    23.,    50.,    16.],
       [    9.,    17.,    13.,     3.,     6.,  1188.,    10.],
       [   12.,    31.,    12.,     7.,     6.,    21.,    16.]])))
('bayes', ('unigram', 'bigram', 'trigram', 'interval'), (0.62290502793296088, 0.59387129596578114, array([[  2.20000000e+01,   2.10000000e+01,   1.80000000e+01,
          5.00000000e+00,   4.00000000e+00,   4.40000000e+01,
          1.50000000e+01],
       [  1.10000000e+01,   2.40000000e+01,   7.00000000e+00,
          1.00000000e+00,   5.00000000e+00,   2.00000000e+01,
          6.00000000e+00],
       [  2.70000000e+01,   3.20000000e+01,   4.30000000e+01,
          8.00000000e+00,   1.30000000e+01,   5.30000000e+01,
          1.60000000e+01],
       [  2.50000000e+01,   3.90000000e+01,   4.80000000e+01,
          1.00000000e+01,   1.80000000e+01,   4.90000000e+01,
          3.10000000e+01],
       [  2.70000000e+01,   3.20000000e+01,   2.20000000e+01,
          1.80000000e+01,   2.90000000e+01,   3.30000000e+01,
          2.10000000e+01],
       [  1.00000000e+01,   1.30000000e+01,   1.20000000e+01,
          6.00000000e+00,   6.00000000e+00,   1.19100000e+03,
          8.00000000e+00],
       [  1.70000000e+01,   2.80000000e+01,   1.50000000e+01,
          8.00000000e+00,   5.00000000e+00,   1.30000000e+01,
          1.90000000e+01]])))
('lda', ('unigram',), (0.6429236499068901, 0.62518998409319826, array([[   23.,     7.,    23.,    19.,    13.,    34.,    10.],
       [    7.,     7.,    12.,    12.,    11.,    12.,    13.],
       [   22.,    13.,    34.,    39.,    31.,    38.,    15.],
       [   14.,    15.,    47.,    58.,    29.,    37.,    20.],
       [    8.,    11.,    18.,    47.,    50.,    32.,    16.],
       [    7.,     6.,    14.,    15.,    13.,  1188.,     3.],
       [   14.,     9.,    15.,    18.,    13.,    15.,    21.]])))
('lda', ('bigram',), (0.63594040968342647, 0.60316024064026197, array([[   18.,     7.,    17.,    19.,    11.,    48.,     9.],
       [    4.,     6.,    10.,    16.,     9.,    22.,     7.],
       [   21.,     6.,    24.,    35.,    25.,    68.,    13.],
       [   11.,    11.,    39.,    59.,    26.,    55.,    19.],
       [    6.,    10.,    14.,    39.,    55.,    46.,    12.],
       [   12.,     6.,     9.,    11.,    17.,  1186.,     5.],
       [   11.,     7.,    11.,    19.,    14.,    25.,    18.]])))
('lda', ('trigram',), (0.6522346368715084, 0.63572274679161067, array([[   23.,     8.,    28.,    16.,    12.,    33.,     9.],
       [   11.,    10.,    12.,    10.,    11.,     8.,    12.],
       [   31.,    11.,    32.,    38.,    30.,    36.,    14.],
       [   25.,    18.,    33.,    67.,    27.,    29.,    21.],
       [   10.,    11.,    20.,    38.,    55.,    36.,    12.],
       [   16.,     2.,    11.,     2.,    19.,  1194.,     2.],
       [   13.,    15.,    10.,    20.,    11.,    16.,    20.]])))
('lda', ('interval',), (0.58007448789571692, 0.42591208716444506, array([[    0.,     0.,     0.,     0.,     0.,   129.,     0.],
       [    0.,     0.,     0.,     0.,     0.,    74.,     0.],
       [    0.,     0.,     0.,     0.,     0.,   192.,     0.],
       [    0.,     0.,     0.,     0.,     0.,   220.,     0.],
       [    0.,     0.,     0.,     0.,     0.,   182.,     0.],
       [    0.,     0.,     0.,     0.,     0.,  1246.,     0.],
       [    0.,     0.,     0.,     0.,     0.,   105.,     0.]])))
('lda', ('unigram', 'bigram'), (0.64897579143389195, 0.63650418817091647, array([[   24.,    10.,    24.,    27.,    12.,    24.,     8.],
       [    7.,     8.,    11.,    14.,    13.,     8.,    13.],
       [   22.,    13.,    29.,    45.,    30.,    39.,    14.],
       [   14.,    15.,    41.,    71.,    31.,    26.,    22.],
       [    9.,    10.,    19.,    46.,    54.,    23.,    21.],
       [    9.,     5.,    10.,    14.,    16.,  1186.,     6.],
       [   15.,    11.,     9.,    25.,    12.,    11.,    22.]])))
('lda', ('unigram', 'trigram'), (0.66806331471135938, 0.65978772870763935, array([[  3.20000000e+01,   9.00000000e+00,   2.80000000e+01,
          2.20000000e+01,   1.00000000e+01,   2.10000000e+01,
          7.00000000e+00],
       [  1.40000000e+01,   1.10000000e+01,   1.10000000e+01,
          1.20000000e+01,   1.30000000e+01,   3.00000000e+00,
          1.00000000e+01],
       [  2.80000000e+01,   1.20000000e+01,   3.50000000e+01,
          4.50000000e+01,   3.00000000e+01,   2.50000000e+01,
          1.70000000e+01],
       [  1.90000000e+01,   1.30000000e+01,   4.00000000e+01,
          7.20000000e+01,   3.40000000e+01,   2.00000000e+01,
          2.20000000e+01],
       [  9.00000000e+00,   1.10000000e+01,   1.90000000e+01,
          4.40000000e+01,   6.70000000e+01,   2.10000000e+01,
          1.10000000e+01],
       [  1.00000000e+01,   3.00000000e+00,   1.20000000e+01,
          5.00000000e+00,   1.80000000e+01,   1.19700000e+03,
          1.00000000e+00],
       [  1.60000000e+01,   1.10000000e+01,   1.60000000e+01,
          2.30000000e+01,   1.20000000e+01,   6.00000000e+00,
          2.10000000e+01]])))
('lda', ('unigram', 'interval'), (0.64757914338919931, 0.63286431558838574, array([[   24.,     7.,    25.,    21.,    14.,    28.,    10.],
       [    7.,     8.,    14.,    13.,    11.,     7.,    14.],
       [   23.,    13.,    36.,    40.,    31.,    34.,    15.],
       [   14.,    15.,    48.,    59.,    30.,    35.,    19.],
       [    8.,    11.,    17.,    46.,    54.,    29.,    17.],
       [    8.,     6.,    13.,    13.,    12.,  1190.,     4.],
       [   14.,     9.,    16.,    19.,    13.,    14.,    20.]])))
('lda', ('bigram', 'trigram'), (0.66294227188081933, 0.64846121147683178, array([[   26.,     9.,    30.,    18.,    11.,    27.,     8.],
       [   12.,    10.,    13.,    13.,     9.,     8.,     9.],
       [   32.,    11.,    37.,    40.,    26.,    33.,    13.],
       [   19.,    15.,    40.,    72.,    28.,    25.,    21.],
       [    8.,    13.,    18.,    37.,    60.,    33.,    13.],
       [   14.,     2.,    11.,     3.,    16.,  1200.,     0.],
       [   11.,    17.,    10.,    21.,    14.,    13.,    19.]])))
('lda', ('bigram', 'interval'), (0.6401303538175046, 0.61201948249212801, array([[   20.,     7.,    19.,    20.,    12.,    42.,     9.],
       [    5.,     6.,    11.,    17.,    10.,    16.,     9.],
       [   23.,     6.,    25.,    35.,    29.,    61.,    13.],
       [   13.,    11.,    39.,    64.,    26.,    48.,    19.],
       [    7.,    10.,    17.,    43.,    55.,    38.,    12.],
       [   12.,     6.,     7.,    11.,    17.,  1188.,     5.],
       [   12.,     7.,    11.,    20.,    15.,    23.,    17.]])))
('lda', ('trigram', 'interval'), (0.6550279329608939, 0.63981425283892812, array([[   23.,     8.,    31.,    15.,    13.,    30.,     9.],
       [   11.,    10.,    13.,    10.,    11.,     7.,    12.],
       [   30.,    11.,    34.,    39.,    31.,    33.,    14.],
       [   25.,    18.,    34.,    67.,    28.,    27.,    21.],
       [   10.,    11.,    21.,    38.,    55.,    35.,    12.],
       [   15.,     2.,    11.,     2.,    16.,  1198.,     2.],
       [   14.,    16.,    10.,    20.,    11.,    14.,    20.]])))
('lda', ('unigram', 'bigram', 'trigram'), (0.66527001862197388, 0.65724350595099823, array([[   31.,    10.,    29.,    21.,     9.,    21.,     8.],
       [   13.,    10.,    13.,    12.,    13.,     3.,    10.],
       [   31.,    11.,    36.,    48.,    27.,    25.,    14.],
       [   14.,    14.,    43.,    70.,    36.,    19.,    24.],
       [   11.,    12.,    19.,    45.,    61.,    19.,    15.],
       [    8.,     3.,    13.,     5.,    17.,  1200.,     0.],
       [   12.,    13.,    14.,    24.,    15.,     6.,    21.]])))
('lda', ('unigram', 'bigram', 'interval'), (0.65176908752327745, 0.64115078749312449, array([[   25.,    10.,    25.,    27.,    13.,    21.,     8.],
       [    7.,     8.,    12.,    15.,    13.,     6.,    13.],
       [   22.,    14.,    30.,    48.,    30.,    34.,    14.],
       [   13.,    16.,    41.,    71.,    32.,    25.,    22.],
       [    9.,    10.,    19.,    46.,    56.,    22.,    20.],
       [    9.,     5.,    10.,    13.,    15.,  1188.,     6.],
       [   15.,    12.,     9.,    25.,    12.,    10.,    22.]])))
('lda', ('unigram', 'trigram', 'interval'), (0.67178770949720668, 0.66370449727277447, array([[  3.20000000e+01,   9.00000000e+00,   2.80000000e+01,
          2.20000000e+01,   1.00000000e+01,   2.10000000e+01,
          7.00000000e+00],
       [  1.40000000e+01,   1.10000000e+01,   1.20000000e+01,
          1.20000000e+01,   1.30000000e+01,   2.00000000e+00,
          1.00000000e+01],
       [  2.80000000e+01,   1.20000000e+01,   3.70000000e+01,
          4.70000000e+01,   3.00000000e+01,   2.10000000e+01,
          1.70000000e+01],
       [  1.80000000e+01,   1.30000000e+01,   4.00000000e+01,
          7.30000000e+01,   3.40000000e+01,   2.00000000e+01,
          2.20000000e+01],
       [  9.00000000e+00,   1.10000000e+01,   1.80000000e+01,
          4.40000000e+01,   6.80000000e+01,   2.10000000e+01,
          1.10000000e+01],
       [  1.10000000e+01,   3.00000000e+00,   1.00000000e+01,
          4.00000000e+00,   1.60000000e+01,   1.20100000e+03,
          1.00000000e+00],
       [  1.60000000e+01,   1.10000000e+01,   1.60000000e+01,
          2.30000000e+01,   1.20000000e+01,   6.00000000e+00,
          2.10000000e+01]])))
('lda', ('bigram', 'trigram', 'interval'), (0.66340782122905029, 0.65061562832105357, array([[   26.,     9.,    30.,    19.,    11.,    26.,     8.],
       [   12.,    10.,    13.,    13.,     9.,     8.,     9.],
       [   32.,    11.,    39.,    39.,    28.,    30.,    13.],
       [   20.,    14.,    41.,    73.,    29.,    22.,    21.],
       [    8.,    13.,    19.,    38.,    59.,    32.,    13.],
       [   14.,     3.,    12.,     3.,    15.,  1199.,     0.],
       [   12.,    17.,    10.,    22.,    14.,    11.,    19.]])))
('lda', ('unigram', 'bigram', 'trigram', 'interval'), (0.66759776536312854, 0.66073491508555093, array([[   32.,    10.,    30.,    22.,     9.,    18.,     8.],
       [   13.,    10.,    14.,    12.,    13.,     2.,    10.],
       [   31.,    11.,    37.,    49.,    29.,    21.,    14.],
       [   14.,    14.,    44.,    70.,    35.,    19.,    24.],
       [   11.,    12.,    19.,    45.,    62.,    19.,    14.],
       [   10.,     3.,    11.,     5.,    16.,  1201.,     0.],
       [   12.,    13.,    14.,    24.,    14.,     6.,    22.]])))
