('svm', ('unigram',), (0.28983688833124216, 0.28980950381679144, array([[ 56.,  18.,  19.,  17.,  19.],
       [ 16.,  14.,  10.,  16.,  18.],
       [ 41.,  26.,  39.,  45.,  41.],
       [ 30.,  29.,  44.,  65.,  52.],
       [ 26.,  28.,  20.,  51.,  57.]])))
('svm', ('bigram',), (0.27854454203262236, 0.27989204370291149, array([[ 42.,  19.,  24.,  20.,  24.],
       [ 17.,  15.,  13.,  14.,  15.],
       [ 40.,  23.,  43.,  42.,  44.],
       [ 37.,  28.,  43.,  59.,  53.],
       [ 25.,  24.,  20.,  50.,  63.]])))
('svm', ('trigram',), (0.25972396486825594, 0.26079605861314403, array([[ 37.,  15.,  33.,  22.,  22.],
       [ 21.,  13.,  12.,  13.,  15.],
       [ 42.,  27.,  35.,  43.,  45.],
       [ 35.,  27.,  48.,  59.,  51.],
       [ 19.,  24.,  29.,  47.,  63.]])))
('svm', ('interval',), (0.30238393977415307, 0.2159953241990791, array([[   0.,    0.,   33.,   93.,    3.],
       [   0.,    0.,   24.,   49.,    1.],
       [   0.,    0.,   70.,  117.,    5.],
       [   0.,    0.,   51.,  163.,    6.],
       [   0.,    0.,   41.,  133.,    8.]])))
('svm', ('unigram', 'bigram'), (0.28858218318695106, 0.28914423685400509, array([[ 53.,  17.,  20.,  21.,  18.],
       [ 18.,  14.,  12.,  18.,  12.],
       [ 40.,  25.,  41.,  47.,  39.],
       [ 30.,  32.,  49.,  62.,  47.],
       [ 28.,  24.,  21.,  49.,  60.]])))
('svm', ('unigram', 'trigram'), (0.29234629861982436, 0.29213675739001116, array([[ 55.,  19.,  21.,  20.,  14.],
       [ 19.,  14.,  11.,  18.,  12.],
       [ 39.,  24.,  40.,  45.,  44.],
       [ 33.,  28.,  50.,  61.,  48.],
       [ 22.,  26.,  21.,  50.,  63.]])))
('svm', ('unigram', 'interval'), (0.28481806775407781, 0.28582144059116715, array([[ 54.,  18.,  22.,  17.,  18.],
       [ 17.,  14.,   7.,  16.,  20.],
       [ 42.,  24.,  40.,  47.,  39.],
       [ 27.,  32.,  44.,  63.,  54.],
       [ 28.,  31.,  22.,  45.,  56.]])))
('svm', ('bigram', 'trigram'), (0.28732747804265996, 0.28720036009807204, array([[ 47.,  16.,  26.,  22.,  18.],
       [ 16.,  13.,  12.,  17.,  16.],
       [ 40.,  21.,  45.,  43.,  43.],
       [ 40.,  30.,  44.,  54.,  52.],
       [ 18.,  23.,  23.,  48.,  70.]])))
('svm', ('bigram', 'interval'), (0.2697616060225847, 0.27033292959091704, array([[ 44.,  18.,  25.,  19.,  23.],
       [ 18.,  14.,  10.,  14.,  18.],
       [ 41.,  22.,  41.,  45.,  43.],
       [ 38.,  29.,  44.,  55.,  54.],
       [ 24.,  25.,  21.,  51.,  61.]])))
('svm', ('trigram', 'interval'), (0.26599749058971139, 0.26715413611196115, array([[ 39.,  14.,  30.,  22.,  24.],
       [ 21.,  14.,  10.,  14.,  15.],
       [ 44.,  24.,  41.,  44.,  39.],
       [ 34.,  28.,  50.,  56.,  52.],
       [ 19.,  25.,  27.,  49.,  62.]])))
('svm', ('unigram', 'bigram', 'trigram'), (0.29861982434127982, 0.29868818286669646, array([[ 56.,  16.,  20.,  23.,  14.],
       [ 18.,  14.,  11.,  17.,  14.],
       [ 39.,  22.,  43.,  43.,  45.],
       [ 34.,  27.,  47.,  63.,  49.],
       [ 21.,  30.,  23.,  46.,  62.]])))
('svm', ('unigram', 'bigram', 'interval'), (0.28732747804265996, 0.2876055997413402, array([[ 52.,  17.,  22.,  20.,  18.],
       [ 17.,  14.,  11.,  19.,  13.],
       [ 40.,  22.,  41.,  50.,  39.],
       [ 30.,  32.,  49.,  62.,  47.],
       [ 30.,  23.,  22.,  47.,  60.]])))
('svm', ('unigram', 'trigram', 'interval'), (0.28983688833124216, 0.28974963636792972, array([[ 52.,  19.,  20.,  23.,  15.],
       [ 20.,  14.,  10.,  16.,  14.],
       [ 35.,  24.,  41.,  48.,  44.],
       [ 34.,  25.,  49.,  62.,  50.],
       [ 23.,  24.,  25.,  48.,  62.]])))
('svm', ('bigram', 'trigram', 'interval'), (0.28356336260978671, 0.28333599254227276, array([[ 45.,  17.,  22.,  23.,  22.],
       [ 16.,  13.,   9.,  20.,  16.],
       [ 39.,  20.,  43.,  46.,  44.],
       [ 37.,  32.,  45.,  54.,  52.],
       [ 20.,  23.,  20.,  48.,  71.]])))
('svm', ('unigram', 'bigram', 'trigram', 'interval'), (0.28607277289836891, 0.28589268738852675, array([[ 52.,  18.,  21.,  23.,  15.],
       [ 19.,  15.,   9.,  16.,  15.],
       [ 38.,  21.,  42.,  48.,  43.],
       [ 35.,  27.,  50.,  58.,  50.],
       [ 23.,  27.,  25.,  46.,  61.]])))
('logistic regression', ('unigram',), (0.29611041405269761, 0.29721550713218209, array([[ 53.,  14.,  25.,  19.,  18.],
       [ 15.,  15.,  13.,  17.,  14.],
       [ 38.,  29.,  39.,  47.,  39.],
       [ 21.,  27.,  50.,  72.,  50.],
       [ 22.,  29.,  25.,  49.,  57.]])))
('logistic regression', ('bigram',), (0.26348808030112925, 0.26589575185782133, array([[ 34.,  18.,  32.,  22.,  23.],
       [ 16.,  16.,  13.,  17.,  12.],
       [ 36.,  25.,  45.,  45.,  41.],
       [ 32.,  28.,  53.,  56.,  51.],
       [ 21.,  29.,  23.,  50.,  59.]])))
('logistic regression', ('trigram',), (0.29234629861982436, 0.29247098933391835, array([[ 43.,  12.,  30.,  25.,  19.],
       [ 17.,  16.,  12.,  10.,  19.],
       [ 39.,  20.,  43.,  52.,  38.],
       [ 37.,  21.,  43.,  67.,  52.],
       [ 23.,  20.,  36.,  39.,  64.]])))
('logistic regression', ('interval',), (0.29485570890840651, 0.21120643964006186, array([[   0.,    0.,   32.,   92.,    5.],
       [   0.,    0.,   23.,   49.,    2.],
       [   2.,    0.,   65.,  119.,    6.],
       [   2.,    0.,   48.,  162.,    8.],
       [   2.,    0.,   39.,  133.,    8.]])))
('logistic regression', ('unigram', 'bigram'), (0.29485570890840651, 0.29750185888958386, array([[ 45.,  16.,  22.,  27.,  19.],
       [ 16.,  15.,  16.,  13.,  14.],
       [ 36.,  22.,  53.,  44.,  37.],
       [ 31.,  28.,  48.,  63.,  50.],
       [ 21.,  27.,  30.,  45.,  59.]])))
('logistic regression', ('unigram', 'trigram'), (0.31367628607277293, 0.313027184374085, array([[ 54.,  15.,  26.,  23.,  11.],
       [ 14.,  12.,  13.,  17.,  18.],
       [ 36.,  21.,  49.,  51.,  35.],
       [ 38.,  16.,  46.,  71.,  49.],
       [ 20.,  19.,  33.,  46.,  64.]])))
('logistic regression', ('unigram', 'interval'), (0.28607277289836891, 0.2868202841964812, array([[ 54.,  13.,  25.,  19.,  18.],
       [ 17.,  15.,  11.,  15.,  16.],
       [ 35.,  25.,  43.,  46.,  43.],
       [ 24.,  28.,  50.,  66.,  52.],
       [ 25.,  29.,  26.,  52.,  50.]])))
('logistic regression', ('bigram', 'trigram'), (0.28983688833124216, 0.2901212817006662, array([[ 46.,  13.,  33.,  23.,  14.],
       [ 18.,  16.,  10.,  16.,  14.],
       [ 34.,  21.,  44.,  55.,  38.],
       [ 33.,  22.,  53.,  64.,  48.],
       [ 19.,  19.,  35.,  48.,  61.]])))
('logistic regression', ('bigram', 'interval'), (0.2672521957340025, 0.26888959586927957, array([[ 34.,  19.,  32.,  22.,  22.],
       [ 18.,  16.,   8.,  18.,  14.],
       [ 39.,  17.,  47.,  49.,  40.],
       [ 33.,  27.,  51.,  55.,  54.],
       [ 22.,  27.,  23.,  49.,  61.]])))
('logistic regression', ('trigram', 'interval'), (0.2810539523212045, 0.28100600673513787, array([[ 40.,  11.,  32.,  27.,  19.],
       [ 18.,  16.,  12.,  10.,  18.],
       [ 43.,  21.,  42.,  49.,  37.],
       [ 34.,  19.,  47.,  63.,  57.],
       [ 23.,  18.,  36.,  42.,  63.]])))
('logistic regression', ('unigram', 'bigram', 'trigram'), (0.30489335006273527, 0.30533355460025507, array([[ 50.,  16.,  26.,  26.,  11.],
       [ 14.,  13.,  13.,  16.,  18.],
       [ 37.,  21.,  50.,  50.,  34.],
       [ 39.,  17.,  50.,  71.,  43.],
       [ 20.,  19.,  36.,  48.,  59.]])))
('logistic regression', ('unigram', 'bigram', 'interval'), (0.28481806775407781, 0.28683785146225149, array([[ 45.,  15.,  23.,  29.,  17.],
       [ 16.,  16.,  14.,  13.,  15.],
       [ 38.,  23.,  48.,  46.,  37.],
       [ 31.,  32.,  49.,  61.,  47.],
       [ 22.,  24.,  29.,  50.,  57.]])))
('logistic regression', ('unigram', 'trigram', 'interval'), (0.30740276035131742, 0.30715991956025751, array([[ 53.,  15.,  27.,  24.,  10.],
       [ 13.,  12.,  13.,  17.,  19.],
       [ 39.,  18.,  52.,  48.,  35.],
       [ 32.,  18.,  46.,  69.,  55.],
       [ 23.,  21.,  32.,  47.,  59.]])))
('logistic regression', ('bigram', 'trigram', 'interval'), (0.28732747804265996, 0.28653441927919759, array([[ 44.,  12.,  33.,  24.,  16.],
       [ 19.,  15.,   7.,  22.,  11.],
       [ 39.,  17.,  43.,  53.,  40.],
       [ 36.,  19.,  52.,  61.,  52.],
       [ 19.,  18.,  34.,  45.,  66.]])))
('logistic regression', ('unigram', 'bigram', 'trigram', 'interval'), (0.29987452948557092, 0.29967137087590701, array([[ 52.,  14.,  25.,  28.,  10.],
       [ 14.,  13.,  13.,  17.,  17.],
       [ 39.,  22.,  50.,  44.,  37.],
       [ 35.,  18.,  50.,  70.,  47.],
       [ 22.,  19.,  35.,  52.,  54.]])))
('bayes', ('unigram',), (0.23839397741530741, 0.23510863979035168, array([[ 15.,  36.,  44.,   9.,  25.],
       [  2.,  25.,  24.,   8.,  15.],
       [ 10.,  54.,  60.,  32.,  36.],
       [ 12.,  64.,  71.,  28.,  45.],
       [  2.,  40.,  48.,  30.,  62.]])))
('bayes', ('bigram',), (0.2233375156838143, 0.22514108643678024, array([[ 27.,  36.,  32.,  14.,  20.],
       [ 10.,  30.,  14.,  12.,   8.],
       [ 34.,  58.,  43.,  29.,  28.],
       [ 37.,  59.,  58.,  31.,  35.],
       [ 25.,  44.,  29.,  37.,  47.]])))
('bayes', ('trigram',), (0.2722710163111669, 0.27003257291927252, array([[ 45.,  15.,  19.,  25.,  25.],
       [ 13.,  16.,  14.,  15.,  16.],
       [ 40.,  25.,  39.,  43.,  45.],
       [ 43.,  23.,  45.,  52.,  57.],
       [ 31.,  15.,  23.,  48.,  65.]])))
('bayes', ('interval',), (0.19573400250941028, 0.15461758703166506, array([[  91.,    0.,   18.,    4.,   16.],
       [  50.,    0.,    7.,    1.,   16.],
       [ 128.,    0.,   36.,   10.,   18.],
       [ 164.,    0.,   22.,   11.,   23.],
       [ 136.,    0.,   24.,    4.,   18.]])))
('bayes', ('unigram', 'bigram'), (0.23086574654956085, 0.22806023823599691, array([[ 18.,  35.,  39.,  10.,  27.],
       [  4.,  25.,  20.,   9.,  16.],
       [ 17.,  56.,  54.,  28.,  37.],
       [ 18.,  54.,  73.,  27.,  48.],
       [ 12.,  39.,  35.,  36.,  60.]])))
('bayes', ('unigram', 'trigram'), (0.2722710163111669, 0.27155106131726203, array([[ 42.,  17.,  25.,  22.,  23.],
       [ 10.,  16.,  17.,  15.,  16.],
       [ 36.,  27.,  43.,  43.,  43.],
       [ 32.,  24.,  52.,  51.,  61.],
       [ 24.,  18.,  26.,  49.,  65.]])))
('bayes', ('unigram', 'interval'), (0.24968632371392724, 0.25659092176515624, array([[ 36.,  36.,  32.,  10.,  15.],
       [  8.,  27.,  13.,  15.,  11.],
       [ 32.,  53.,  42.,  42.,  23.],
       [ 29.,  57.,  51.,  48.,  35.],
       [ 23.,  41.,  30.,  42.,  46.]])))
('bayes', ('bigram', 'trigram'), (0.26223337515683814, 0.26126840764675779, array([[ 43.,  16.,  24.,  24.,  22.],
       [ 14.,  15.,  14.,  16.,  15.],
       [ 41.,  24.,  39.,  43.,  45.],
       [ 40.,  29.,  45.,  51.,  55.],
       [ 31.,  15.,  27.,  48.,  61.]])))
('bayes', ('bigram', 'interval'), (0.21957340025094102, 0.22112648951578204, array([[ 29.,  42.,  26.,  13.,  19.],
       [ 15.,  31.,  12.,  10.,   6.],
       [ 34.,  61.,  43.,  28.,  26.],
       [ 35.,  66.,  58.,  27.,  34.],
       [ 27.,  47.,  30.,  33.,  45.]])))
('bayes', ('trigram', 'interval'), (0.23462986198243413, 0.22901259644326522, array([[ 39.,  15.,  36.,  17.,  22.],
       [ 22.,  17.,  13.,   5.,  17.],
       [ 49.,  26.,  48.,  22.,  47.],
       [ 63.,  27.,  54.,  23.,  53.],
       [ 46.,  30.,  24.,  22.,  60.]])))
('bayes', ('unigram', 'bigram', 'trigram'), (0.2697616060225847, 0.26895781682913705, array([[ 41.,  17.,  27.,  22.,  22.],
       [  9.,  17.,  18.,  14.,  16.],
       [ 34.,  27.,  41.,  44.,  46.],
       [ 34.,  28.,  50.,  50.,  58.],
       [ 25.,  19.,  27.,  45.,  66.]])))
('bayes', ('unigram', 'bigram', 'interval'), (0.22961104140526975, 0.23236027037999954, array([[ 32.,  34.,  33.,  11.,  19.],
       [ 11.,  26.,  15.,  13.,   9.],
       [ 32.,  55.,  49.,  32.,  24.],
       [ 32.,  59.,  60.,  30.,  39.],
       [ 25.,  40.,  29.,  42.,  46.]])))
('bayes', ('unigram', 'trigram', 'interval'), (0.24968632371392724, 0.25213695823361032, array([[ 36.,  22.,  35.,  17.,  19.],
       [ 18.,  18.,  17.,   7.,  14.],
       [ 37.,  37.,  54.,  29.,  35.],
       [ 44.,  32.,  63.,  37.,  44.],
       [ 30.,  37.,  28.,  33.,  54.]])))
('bayes', ('bigram', 'trigram', 'interval'), (0.23588456712672523, 0.23575056550301041, array([[ 36.,  26.,  32.,  15.,  20.],
       [ 17.,  23.,  11.,   8.,  15.],
       [ 49.,  38.,  46.,  26.,  33.],
       [ 50.,  39.,  56.,  30.,  45.],
       [ 35.,  38.,  28.,  28.,  53.]])))
('bayes', ('unigram', 'bigram', 'trigram', 'interval'), (0.24466750313676286, 0.24549180199491044, array([[ 36.,  25.,  31.,  15.,  22.],
       [ 16.,  24.,  12.,   9.,  13.],
       [ 42.,  40.,  51.,  26.,  33.],
       [ 47.,  40.,  57.,  33.,  43.],
       [ 29.,  42.,  28.,  32.,  51.]])))
('lda', ('unigram',), (0.30489335006273527, 0.29969495639434485, array([[ 39.,   6.,  37.,  27.,  20.],
       [  8.,   9.,  15.,  30.,  12.],
       [ 30.,  10.,  42.,  76.,  34.],
       [ 18.,  13.,  53.,  94.,  42.],
       [ 13.,  10.,  36.,  64.,  59.]])))
('lda', ('bigram',), (0.30614805520702637, 0.29966322898209552, array([[ 30.,   8.,  44.,  30.,  17.],
       [  8.,   8.,  15.,  26.,  17.],
       [ 24.,   8.,  53.,  67.,  40.],
       [ 16.,  11.,  58.,  94.,  41.],
       [ 12.,   8.,  31.,  72.,  59.]])))
('lda', ('trigram',), (0.2685069008782936, 0.2664265461104684, array([[ 29.,   8.,  35.,  29.,  28.],
       [ 17.,  11.,  18.,  17.,  11.],
       [ 37.,  12.,  42.,  59.,  42.],
       [ 26.,  12.,  59.,  72.,  51.],
       [ 16.,  10.,  39.,  57.,  60.]])))
('lda', ('interval',), (0.29611041405269761, 0.18725337731155065, array([[   0.,    0.,   25.,  104.,    0.],
       [   0.,    0.,   14.,   60.,    0.],
       [   0.,    0.,   47.,  145.,    0.],
       [   0.,    0.,   31.,  189.,    0.],
       [   0.,    0.,   22.,  160.,    0.]])))
('lda', ('unigram', 'bigram'), (0.30363864491844417, 0.30079351853685038, array([[ 40.,   7.,  35.,  27.,  20.],
       [ 10.,  10.,  15.,  24.,  15.],
       [ 30.,  10.,  44.,  69.,  39.],
       [ 18.,  16.,  62.,  86.,  38.],
       [ 13.,  14.,  29.,  64.,  62.]])))
('lda', ('unigram', 'trigram'), (0.29109159347553326, 0.28888449668352634, array([[ 42.,   7.,  32.,  25.,  23.],
       [ 15.,  10.,  19.,  17.,  13.],
       [ 31.,  14.,  43.,  68.,  36.],
       [ 23.,  13.,  59.,  78.,  47.],
       [ 16.,  10.,  40.,  57.,  59.]])))
('lda', ('unigram', 'interval'), (0.31242158092848182, 0.30744030537227018, array([[ 40.,   6.,  37.,  28.,  18.],
       [  6.,   9.,  15.,  29.,  15.],
       [ 29.,   9.,  46.,  75.,  33.],
       [ 18.,  13.,  52.,  94.,  43.],
       [ 12.,  10.,  32.,  68.,  60.]])))
('lda', ('bigram', 'trigram'), (0.27478042659974905, 0.27368484249143332, array([[ 34.,   8.,  36.,  27.,  24.],
       [ 16.,  11.,  20.,  16.,  11.],
       [ 35.,  13.,  43.,  61.,  40.],
       [ 22.,  13.,  64.,  73.,  48.],
       [ 18.,  10.,  42.,  54.,  58.]])))
('lda', ('bigram', 'interval'), (0.31242158092848182, 0.30587255051580747, array([[ 32.,   8.,  38.,  33.,  18.],
       [  7.,   8.,  14.,  27.,  18.],
       [ 24.,   8.,  56.,  66.,  38.],
       [ 16.,  10.,  58.,  95.,  41.],
       [ 13.,   8.,  30.,  73.,  58.]])))
('lda', ('trigram', 'interval'), (0.2672521957340025, 0.26532070174975458, array([[ 31.,   8.,  33.,  29.,  28.],
       [ 17.,  11.,  15.,  19.,  12.],
       [ 36.,  12.,  40.,  63.,  41.],
       [ 25.,  13.,  60.,  72.,  50.],
       [ 16.,  10.,  45.,  52.,  59.]])))
('lda', ('unigram', 'bigram', 'trigram'), (0.29234629861982436, 0.29099704728326448, array([[ 44.,   9.,  32.,  25.,  19.],
       [ 15.,  11.,  19.,  16.,  13.],
       [ 31.,  13.,  47.,  68.,  33.],
       [ 24.,  12.,  62.,  73.,  49.],
       [ 18.,  10.,  40.,  56.,  58.]])))
('lda', ('unigram', 'bigram', 'interval'), (0.30363864491844417, 0.30085126264574802, array([[ 43.,   7.,  33.,  26.,  20.],
       [ 10.,  11.,  16.,  22.,  15.],
       [ 30.,  10.,  43.,  72.,  37.],
       [ 18.,  15.,  59.,  85.,  43.],
       [ 14.,  12.,  32.,  64.,  60.]])))
('lda', ('unigram', 'trigram', 'interval'), (0.29485570890840651, 0.2928312077531216, array([[ 43.,   7.,  29.,  26.,  24.],
       [ 15.,  11.,  20.,  15.,  13.],
       [ 30.,  14.,  44.,  69.,  35.],
       [ 23.,  13.,  59.,  76.,  49.],
       [ 15.,  10.,  37.,  59.,  61.]])))
('lda', ('bigram', 'trigram', 'interval'), (0.2722710163111669, 0.27125599719252824, array([[ 32.,   8.,  37.,  27.,  25.],
       [ 16.,  12.,  16.,  17.,  13.],
       [ 36.,  13.,  43.,  62.,  38.],
       [ 22.,  13.,  64.,  71.,  50.],
       [ 18.,  10.,  43.,  52.,  59.]])))
('lda', ('unigram', 'bigram', 'trigram', 'interval'), (0.28983688833124216, 0.28835163323704494, array([[ 43.,   9.,  31.,  25.,  21.],
       [ 15.,  11.,  19.,  16.,  13.],
       [ 31.,  13.,  47.,  68.,  33.],
       [ 23.,  12.,  61.,  73.,  51.],
       [ 18.,  11.,  38.,  58.,  57.]])))
